OpCode	ImagePtPair	Index	Lx	Ly	Rx	Ry
20220519-1-NAKED	0	0	304.53532	989.60352	361.63569	1075.24229
20220519-1-NAKED	1	0	86.50814	48.05339	115.34418	27.63070
20220519-1-NAKED	2	0	1959.98020	476.89109	2025.95050	933.09901
20220519-1-NAKED	2	1	2202.75248	474.51485	2230.30693	751.31683
20220519-1-NAKED	3	0	3089.43564	703.31683	3103.28713	605.28713
20220519-1-NAKED	3	1	3183.59406	725.59406	3201.30693	601.42574
20220519-1-NAKED	4	0	2856.20818	531.67401	2853.70632	590.82379
20220519-1-NAKED	4	1	2995.39033	554.27313	2991.69888	567.03524
20220519-1-NAKED	5	0	2633.31599	479.33921	2629.43866	638.38767
20220519-1-NAKED	5	1	2806.99628	415.11013	2785.27509	549.18062
20220519-1-NAKED	6	0	1960.17472	375.53744	1956.37175	714.67401
20220519-1-NAKED	6	1	2204.04089	418.35683	2203.80669	678.99119
20220519-1-NAKED	7	0	2200.24164	673.61233	2255.45353	832.81057
20220519-1-NAKED	7	1	2322.76952	672.42291	2373.22305	793.55947
20220519-1-NAKED	8	0	1613.81413	396.07930	1681.65799	421.05727
20220519-1-NAKED	8	1	1469.87361	396.07930	1522.25279	406.78414
20220519-1-NAKED	9	0	2243.55390	384.18502	2231.41636	648.59031
20220519-1-NAKED	9	1	2439.83643	390.13216	2420.56134	596.25551
20220519-1-NAKED	10	0	2537.38290	413.92070	2513.34944	587.92952
20220519-1-NAKED	10	1	2725.33829	449.60352	2707.25279	565.33040
20220519-1-NAKED	11	0	2386.30483	478.14978	2392.01115	664.05286
20220519-1-NAKED	11	1	2556.41636	478.14978	2549.03717	623.61233
20220519-1-NAKED	12	0	2368.46097	567.35683	2395.57993	734.22907
20220519-1-NAKED	12	1	2531.43494	581.62996	2549.03717	709.25110
20220519-1-NAKED	13	0	2402.95911	625.63877	2445.54275	787.75330
20220519-1-NAKED	13	1	2546.89963	616.12335	2582.34572	749.69163
20220519-1-NAKED	14	0	2389.87361	644.66960	2438.40520	817.48899
20220519-1-NAKED	14	1	2200.72862	624.44934	2259.96654	850.79295
20220519-1-NAKED	15	0	2801.36431	556.24229	2811.58736	641.66520
20220519-1-NAKED	15	1	2991.69888	569.32599	2986.45725	604.79295
20220519-1-NAKED	16	0	1510.78218	485.94059	1554.71287	515.64356
20220519-1-NAKED	16	1	1380.08911	468.11881	1419.26733	477.62376
20220519-1-NAKED	17	0	2588.01980	612.83168	2609.83168	703.21782
20220519-1-NAKED	17	1	2723.46535	652.63366	2750.32673	710.34653
20220519-1-NAKED	18	0	1986.44610	1262.24229	2072.74349	1408.24229
20220519-1-NAKED	18	1	2216.03717	1287.22026	2274.97398	1392.77974
20220519-1-NAKED	19	0	2534.91089	664.38614	2569.79208	757.36634
20220519-1-NAKED	19	1	2661.14851	665.87129	2692.46535	711.02970
20220519-1-NAKED	20	0	2353.22677	490.33921	2361.22677	675.94714
20220519-1-NAKED	20	1	2501.92565	501.04405	2505.16729	639.07489
20220519-1-NAKED	21	0	1588.86245	529.12775	1615.95539	592.94714
20220519-1-NAKED	21	1	1793.47212	531.50661	1826.51301	611.97797
20220519-1-NAKED	22	0	1239.12639	490.47577	1279.86617	474.58150
20220519-1-NAKED	22	1	1359.27509	492.85463	1404.77323	482.90749
20220519-1-NAKED	23	0	2703.94052	619.54185	2728.12268	696.77533
20220519-1-NAKED	23	1	2569.51673	657.60352	2607.97398	771.70925
20220519-1-NAKED	24	0	2976.67327	655.31683	2990.98020	626.79208
20220519-1-NAKED	24	1	3082.11881	662.14851	3099.39604	584.31683
20220519-1-NAKED	25	0	3016.80297	631.53744	3029.88848	645.18943
20220519-1-NAKED	25	1	3169.07063	626.77974	3167.88104	611.88546
20220519-1-NAKED	26	0	1543.41264	407.97357	1591.52045	451.81498
20220519-1-NAKED	26	1	1395.90335	397.26872	1435.68401	431.59471
20220519-1-NAKED	27	0	2949.39604	593.25743	2956.25743	604.34653
20220519-1-NAKED	27	1	3093.75248	596.52475	3093.78218	562.46535
20220519-1-NAKED	28	0	1976.27509	645.74890	2043.24164	921.05286
20220519-1-NAKED	28	1	2145.19703	642.18062	2205.02602	863.96035
20220519-1-NAKED	29	0	2425.15985	462.68722	2418.43494	640.50661
20220519-1-NAKED	29	1	2573.85874	478.14978	2571.89219	609.58150
20220519-1-NAKED	30	0	2001.63569	596.96035	2065.46468	880.47577
20220519-1-NAKED	30	1	2219.33086	595.77093	2264.12639	821.00441
20220519-1-NAKED	31	0	2492.04833	632.49780	2538.00000	767.62115
20220519-1-NAKED	31	1	2645.50558	603.95154	2660.52788	706.96035
20220519-1-NAKED	32	0	1999.99010	556.75248	2035.27723	817.76238
20220519-1-NAKED	32	1	2177.31683	589.12871	2224.48515	795.18812
20220519-1-NAKED	33	0	2701.26022	669.56828	2736.77695	733.32599
20220519-1-NAKED	33	1	2832.11524	660.05286	2848.59851	684.55947
20220519-1-NAKED	34	0	1937.94059	599.10891	1997.12871	866.39604
20220519-1-NAKED	34	1	2111.10891	637.72277	2167.02970	842.63366
20220519-1-NAKED	35	0	2062.86139	385.18812	2049.77228	666.56436
20220519-1-NAKED	35	1	2262.76238	414.29703	2247.89109	634.48515
20220519-1-NAKED	36	0	2157.97030	570.53465	2197.52475	797.30693
20220519-1-NAKED	36	1	2324.90099	600.23762	2358.81188	778.59406
20220519-1-NAKED	37	0	2910.43564	427.67327	2879.48515	493.19802
20220519-1-NAKED	37	1	3072.01980	416.08911	3033.04950	455.77228
20220519-1-NAKED	38	0	2703.08911	553.22772	2703.22772	623.11881
20220519-1-NAKED	38	1	2829.62376	566.59406	2833.62376	593.11881
20220519-1-NAKED	39	0	2443.23762	574.29703	2469.39604	714.52475
20220519-1-NAKED	39	1	2579.27723	570.13861	2593.85149	670.56436
20220519-1-NAKED	40	0	2364.05576	503.12775	2365.33457	684.75771
20220519-1-NAKED	40	1	2525.84015	513.83260	2525.92937	647.88546
20220519-1-NAKED	41	0	2197.58364	689.07489	2276.27881	901.13656
20220519-1-NAKED	41	1	2367.69517	691.45374	2428.54647	855.93833
20220519-1-NAKED	42	0	2731.08911	631.94059	2754.35644	673.15842
20220519-1-NAKED	42	1	2847.82178	645.30693	2867.52475	652.06931
20220519-1-NAKED	43	0	2600.54455	665.16832	2628.81188	698.34653
20220519-1-NAKED	43	1	2701.53465	680.61386	2740.19802	687.65347
20220519-1-NAKED	44	0	1659.05948	448.99559	1711.26022	479.33921
20220519-1-NAKED	44	1	1523.44610	437.10132	1564.94052	463.87665
20220519-1-NAKED	45	0	2685.11278	55.32294	2545.56391	16.83742
20220519-1-NAKED	46	0	421.11524	810.51542	477.02602	851.45374
20220519-1-NAKED	46	1	298.58736	828.35683	355.68773	870.48458
20220519-1-NAKED	47	0	521.43564	568.06931	567.01980	608.70297
20220519-1-NAKED	48	0	149.70297	635.57426	208.51485	686.77228
20220519-1-NAKED	49	0	30.00000	684.54455	96.23762	756.95050
20220519-1-NAKED	50	0	278.01980	948.11881	339.80198	1059.80198
20220519-1-NAKED	51	0	59.40594	754.15842	133.66337	905.83168
20220519-1-NAKED	51	1	133.96040	758.91089	199.00990	902.56436
20220519-1-NAKED	52	0	2780.21782	1001.08911	2908.90099	1071.20792
20220519-1-NAKED	53	0	412.45545	776.23762	465.90099	873.29703
20220519-1-NAKED	53	1	459.08911	805.34653	512.83168	906.56436
20220519-1-NAKED	54	0	540.77228	737.32673	586.49505	834.08911
20220519-1-NAKED	54	1	582.35644	761.98020	620.95050	860.22772
20220519-1-NAKED	55	0	966.72340	416.86318	1013.74593	337.57508
20220519-1-NAKED	55	1	1018.38798	408.45384	1070.21652	329.16574
20220519-1-NAKED	56	0	974.39604	447.05941	1014.32673	402.17822
20220519-1-NAKED	57	0	973.42428	204.22692	1017.37922	170.58954
20220519-1-NAKED	57	1	1226.94118	251.07898	1275.70213	225.85095
20220519-1-NAKED	58	0	229.59108	1678.28194	272.41636	1799.60352
20220519-1-NAKED	59	0	187.95539	1711.58590	237.91822	1821.01322
20220519-1-NAKED	60	0	246.24535	1721.10132	295.01859	1818.63436
20220519-1-NAKED	61	0	226.02230	1730.61674	278.36431	1830.52863
20220519-1-NAKED	62	0	111.73967	33.63737	139.37422	9.61068
20220519-1-NAKED	63	0	47.58364	1738.94273	111.82156	1920.92511
20220519-1-NAKED	63	1	158.21561	1680.66079	199.85130	1830.52863
20220519-1-NAKED	64	0	2271.71895	751.30435	2351.21706	857.25753
20220519-1-NAKED	65	0	1450.57426	678.49505	1478.16832	685.30693
20220519-1-NAKED	65	1	1304.43564	660.97030	1339.15842	659.76238
20220519-1-NAKED	66	0	2947.12871	917.43564	3060.59406	1066.93069
20220519-1-NAKED	67	0	2403.00000	699.94059	2459.13861	775.66337
20220519-1-NAKED	68	0	3142.78218	1205.06931	3201.41584	1107.92079
20220519-1-NAKED	69	0	2698.63366	826.56436	2784.07921	882.22772
20220519-1-NAKED	70	0	3280.11881	840.25743	3337.63366	799.15842
20220519-1-NAKED	70	1	3207.34653	831.64356	3269.01980	802.72277
20220519-1-NAKED	71	0	3252.28713	870.53465	3324.97030	883.68317
20220519-1-NAKED	71	1	3201.49505	883.30693	3278.33663	909.52475
20220519-1-NAKED	72	0	2683.13861	834.05941	2794.19802	1045.06931
20220519-1-NAKED	72	1	2630.56436	829.60396	2741.92079	1043.58416
20220519-1-NAKED	73	0	843.07921	646.09901	878.17822	626.84158
20220519-1-NAKED	73	1	723.07921	668.67327	773.02970	647.93069
20220519-1-NAKED	74	0	2381.49505	674.44554	2472.08911	928.89109
20220519-1-NAKED	74	1	2300.40594	671.47525	2402.28713	953.84158
20220519-1-NAKED	75	0	2579.69307	631.86139	2592.77228	638.09901
20220519-1-NAKED	75	1	2669.09901	622.35644	2679.20792	609.58416
20220519-1-NAKED	76	0	2704.85149	609.41584	2713.04950	596.78218
20220519-1-NAKED	76	1	2809.10891	612.98020	2819.08911	582.82178
20220519-1-NAKED	77	0	2172.94059	1579.03960	2272.86139	1604.02970
20220519-1-NAKED	77	1	2069.27723	1591.81188	2167.41584	1641.15842
20220519-1-NAKED	78	0	2850.68317	1517.06931	2912.12871	1493.35644
20220519-1-NAKED	78	1	2750.58416	1479.34653	2807.27723	1455.33663
20220519-1-NAKED	79	0	271.44554	218.87129	305.60396	147.59406
20220519-1-NAKED	79	1	463.02970	241.44554	500.65347	184.04950
20220519-1-NAKED	80	0	3002.18812	269.22772	2935.44554	218.37624
20220519-1-NAKED	80	1	2829.61386	288.83168	2765.54455	274.51485
20220519-1-NAKED	81	0	2940.87129	225.19802	2879.00990	266.59406
20220519-1-NAKED	81	1	2683.64356	168.46535	2605.74257	257.38614
20220519-1-NAKED	82	0	1116.60396	186.76238	1170.56436	112.87129
20220519-1-NAKED	82	1	1255.91089	184.08911	1308.98020	110.19802
20220519-1-NAKED	83	0	3008.73267	1392.54455	3063.42574	1360.13861
20220519-1-NAKED	83	1	2856.95050	1383.93069	2910.45545	1358.95050
20220519-1-NAKED	84	0	2874.71287	1460.82178	2923.01980	1440.04950
20220519-1-NAKED	84	1	2984.31683	1432.00990	3037.67327	1397.27723
20220519-1-NAKED	85	0	2827.11881	471.73267	2806.80198	450.43564
20220519-1-NAKED	85	1	2704.74257	440.24752	2682.94059	442.11881
20220519-1-NAKED	86	0	3449.87129	507.00000	3420.92079	330.62376
20220519-1-NAKED	86	1	3586.50495	507.00000	3557.85149	294.68317
20220519-1-NAKED	87	0	3707.95539	1565.94714	3779.33086	1606.11454
20220519-1-NAKED	87	1	3521.18959	1546.91630	3583.04833	1577.56828
20220519-1-NAKED	88	0	3248.76471	1438.76471	3316.05882	1348.88235
20220519-1-NAKED	89	0	3153.47059	1433.17647	3217.52941	1348.29412
20220519-1-NAKED	90	0	3488.76471	1159.64706	3568.47059	1113.70588
20220519-1-NAKED	91	0	419.29412	1774.94118	476.00000	1938.00000
20220519-1-NAKED	91	1	289.29412	1685.82353	339.23529	1881.52941
20220519-1-NAKED	92	0	723.27138	1958.98678	764.90706	2113.61233
20220519-1-NAKED	92	1	667.36059	1967.31278	719.70260	2127.88546
20220519-1-NAKED	93	0	919.55390	1535.02203	929.38662	1615.76652
20220519-1-NAKED	93	1	786.31970	1577.84141	802.10037	1675.23789
20220519-1-NAKED	94	0	688.76471	2033.82353	737.52941	2133.82353
20220519-1-NAKED	94	1	774.35294	2059.70588	821.64706	2142.64706
20220519-1-NAKED	95	0	3705.57621	1470.32599	3797.17472	1445.62115
20220519-1-NAKED	95	1	3478.36431	1467.94714	3550.92937	1425.40088
20220519-1-NAKED	96	0	139.70588	1537.76471	160.88235	1606.00000
20220519-1-NAKED	96	1	266.47059	1546.88235	282.94118	1600.11765
20220519-1-NAKED	97	0	79.70588	1598.64706	103.23529	1681.88235
20220519-1-NAKED	97	1	215.88235	1603.64706	240.88235	1670.70588
20220519-1-NAKED	98	0	250.58824	1578.35294	271.47059	1634.82353
20220519-1-NAKED	98	1	383.23529	1590.11765	404.70588	1629.52941
20220519-1-NAKED	99	0	278.47059	1665.58824	310.35294	1716.47059
20220519-1-NAKED	99	1	386.11765	1673.52941	410.64706	1713.82353
20220519-1-NAKED	100	0	608.00000	1102.05882	575.29412	1191.52941
20220519-1-NAKED	101	0	1366.94118	1326.41176	1363.11765	1322.00000
20220519-1-NAKED	101	1	1285.47059	1331.41176	1283.41176	1299.94118
20220519-1-NAKED	102	0	1408.29412	203.35294	1471.64706	146.64706
20220519-1-NAKED	102	1	1614.47059	201.88235	1692.82353	154.88235
20220519-1-NAKED	103	0	2893.70588	1563.47059	2954.64706	1486.11765
20220519-1-NAKED	104	0	285.94118	1700.58824	326.76471	1724.23529
20220519-1-NAKED	104	1	386.52941	1695.00000	420.29412	1712.76471
20220519-1-NAKED	105	0	404.70588	1891.29412	464.29412	1981.17647
20220519-1-NAKED	106	0	3378.04511	1143.66147	3441.80451	1174.98886
20220519-1-NAKED	106	1	3505.56391	1202.59243	3574.13534	1221.89310
20220519-1-NAKED	107	0	1950.75940	1523.78619	2037.88722	1646.45880
20220519-1-NAKED	107	1	2334.51880	1580.31180	2413.22556	1639.24276
20220519-1-NAKED	108	0	3576.94118	143.76471	3477.64706	2.35294
20220519-1-NAKED	109	0	3650.58824	742.35294	3646.76471	468.64706
20220519-1-NAKED	110	0	3351.07807	871.40088	3429.59108	927.59031
20220519-1-NAKED	110	1	2971.59851	797.65639	3046.54275	913.31718
20220519-1-NAKED	111	0	2481.41176	1407.17647	2539.11765	1443.88235
20220519-1-NAKED	111	1	2443.76471	1336.00000	2507.05882	1371.82353
20220519-1-NAKED	112	0	2076.94118	1538.47059	2159.64706	1577.88235
20220519-1-NAKED	112	1	2004.29412	1492.29412	2097.00000	1536.70588
20220519-1-NAKED	113	0	2429.58824	538.94118	2437.64706	602.70588
20220519-1-NAKED	113	1	2333.41176	537.76471	2343.23529	614.76471
20220519-1-NAKED	114	0	1303.76471	853.82353	1310.82353	1041.29412
20220519-1-NAKED	114	1	1252.88235	855.88235	1265.82353	1024.52941
20220519-1-NAKED	115	0	102.35294	963.00000	175.58824	1075.64706
20220519-1-NAKED	116	0	1773.21782	381.66337	1820.67327	497.84158
20220519-1-NAKED	116	1	1536.18812	404.53465	1580.37624	490.11881
20220519-1-NAKED	117	0	1083.88119	597.05941	1110.70297	665.52475
20220519-1-NAKED	117	1	1243.68317	585.17822	1255.05941	647.10891
20220519-1-NAKED	118	0	656.16832	565.35644	691.33663	633.98020
20220519-1-NAKED	118	1	832.60396	546.04950	851.73267	613.18812
20220519-1-NAKED	119	0	535.96040	438.91089	574.60396	447.32673
20220519-1-NAKED	119	1	663.68317	414.55446	699.65347	409.60396
20220519-1-NAKED	120	0	477.48515	1358.76238	464.13861	1401.34653
20220519-1-NAKED	120	1	637.28713	1359.05941	627.80198	1389.76238
20220519-1-NAKED	121	0	613.48515	300.56436	649.05941	397.93069
20220519-1-NAKED	121	1	778.03960	297.00000	812.12871	355.75248
20220519-1-SQUID	0	0	2014.69045	882.53731	2034.83736	910.74627
20220519-1-SQUID	1	0	1115.78014	827.08990	1142.05059	853.79134
20220519-1-SQUID	2	0	1151.75765	837.87791	1179.22736	868.17536
20220519-1-SQUID	3	0	3106.93069	591.97030	3090.29703	437.22772
20220519-1-SQUID	3	1	3204.35644	578.90099	3190.09901	398.01980
20220519-1-SQUID	4	0	3186.53465	582.09901	3169.90099	425.34653
20220519-1-SQUID	4	1	3312.47525	588.03960	3298.21782	398.01980
20220519-1-SQUID	5	0	3045.14851	663.18812	3057.02970	535.52475
20220519-1-SQUID	5	1	3158.01980	677.44554	3168.71287	524.83168
20220519-1-SQUID	6	0	2896.63366	612.28713	2894.25743	513.26733
20220519-1-SQUID	6	1	3020.19802	600.40594	3010.69307	472.87129
20220519-1-SQUID	7	0	1429.80198	1550.39604	1433.96040	1514.77228
20220519-1-SQUID	7	1	1276.53465	1558.71287	1283.06931	1523.08911
20220519-1-SQUID	8	0	1686.75248	1465.15842	1694.01980	1406.58416
20220519-1-SQUID	8	1	1515.66337	1492.48515	1524.11881	1439.85149
20220519-1-SQUID	9	0	1585.24752	1314.49505	1585.32673	1289.25743
20220519-1-SQUID	9	1	1389.20792	1284.79208	1391.66337	1269.05941
20220519-1-SQUID	10	0	193.07933	1661.35405	243.44785	1833.96226
20220519-1-SQUID	10	1	634.40350	1608.61265	672.77951	1762.04218
20220519-1-SQUID	11	0	1563.82261	1771.63152	1580.61212	1843.55161
20220519-1-SQUID	12	0	3516.21655	1174.30973	3599.85065	1157.30973
20220519-1-SQUID	12	1	3661.97884	1125.32743	3751.58681	1107.13274
20220519-1-SQUID	13	0	2505.18812	1458.99010	2568.44554	1393.55446
20220519-1-SQUID	13	1	2623.96040	1459.09901	2687.25743	1387.61386
20220519-1-SQUID	14	0	2412.89194	1469.56715	2480.04997	1407.23640
20220519-1-SQUID	15	0	3377.08932	1675.73807	3443.04809	1754.85017
20220519-1-SQUID	16	0	2166.30989	532.83186	2180.94897	647.00000
20220519-1-SQUID	16	1	2026.52147	496.99115	2028.01805	638.63717
20220519-1-SQUID	17	0	3580.96190	1684.12875	3656.51468	1580.40733
20220519-1-SQUID	18	0	2886.57125	1621.39823	2953.47853	1573.40708
20220519-1-SQUID	18	1	2960.64717	1608.25664	3023.97013	1554.29204
20220519-1-SQUID	19	0	1114.79216	876.16814	1134.18171	1030.19469
20220519-1-SQUID	19	1	1089.70193	897.67257	1105.50716	1048.11504
20220519-1-SQUID	20	0	542.06121	887.01443	592.42973	999.68923
20220519-1-SQUID	21	0	503.68520	978.11321	544.45971	1074.00666
20220519-1-SQUID	22	0	326.19613	1042.84129	383.76015	1069.21199
20220519-1-SQUID	23	0	273.26733	365.94059	318.41584	286.33663
20220519-1-SQUID	23	1	123.56436	346.93069	167.52475	263.76238
20220519-1-SQUID	24	0	1182.46096	2107.25860	1220.83698	2152.80799
20220519-1-SQUID	25	0	3407.07058	1962.21976	3479.02561	2062.90788
20220519-1-SQUID	26	0	3450.24360	1996.98113	3517.40162	2076.09323
20220519-1-SQUID	27	0	3516.20237	2028.14650	3583.36040	2118.04661
20220519-1-SQUID	28	0	1643.10891	81.98020	1734.51485	121.18812
20220519-1-SQUID	28	1	1505.28713	29.70297	1577.68317	83.16832
20220519-1-SQUID	29	0	2659.93754	1644.57270	2729.49407	1582.24195
20220519-1-SQUID	30	0	2412.89194	1035.64928	2556.80200	1076.40400
20220519-1-SQUID	31	0	2647.94503	1074.00666	2789.45659	1071.60932
20220519-1-SQUID	32	0	3468.23235	1028.45727	3556.97689	1028.45727
20220519-1-SQUID	33	0	3127.64522	987.70255	3237.97626	1074.00666
20220519-1-SQUID	34	0	1744.44554	759.14851	1770.01980	788.73267
20220519-1-SQUID	34	1	1639.89109	738.95050	1665.46535	761.40594
20220519-1-SQUID	35	0	1890.01874	827.08102	1911.60525	831.87569
20220519-1-SQUID	36	0	1218.39604	619.14851	1251.51485	561.77228
20220519-1-SQUID	36	1	1088.89109	590.63366	1126.76238	535.63366
20220519-1-SQUID	37	0	2652.74204	956.53718	2777.46408	1057.22531
20220519-1-SQUID	38	0	3544.98438	2001.77580	3604.94691	2148.01332
20220519-1-SQUID	39	0	1431.90506	1016.47059	1431.90506	1074.00666
20220519-1-SQUID	40	0	3696.08994	1577.44728	3770.44347	1515.11654
20220519-1-SQUID	41	0	3543.69633	1587.08850	3627.33043	1492.61062
20220519-1-SQUID	41	1	3700.21157	1569.16814	3786.23522	1496.19469
20220519-1-SQUID	42	0	3736.05476	1552.93805	3835.22091	1491.35398
20220519-1-SQUID	42	1	3617.77225	1594.75221	3709.76976	1517.63717
20220519-1-SQUID	43	0	3601.18812	1596.72277	3681.98020	1526.40594
20220519-1-SQUID	44	0	1081.72392	1896.29301	1121.77639	2145.61598
20220519-1-SQUID	44	1	1024.15990	1873.51831	1066.61087	2119.24528
20220519-1-SQUID	45	0	3044.89694	2080.88790	3137.23923	2073.69589
20220519-1-SQUID	46	0	580.43723	961.33185	626.00874	1074.00666
20220519-1-SQUID	47	0	2186.09147	473.09735	2181.87057	558.82301
20220519-1-SQUID	48	0	2144.62961	909.61931	2290.56839	1074.00666
20220519-1-SQUID	49	0	2197.39663	939.58602	2345.73392	1071.60932
20220519-1-SQUID	50	0	2049.33852	1234.55752	2104.23398	1237.44248
20220519-1-SQUID	50	1	2177.17922	1268.00885	2242.82763	1260.14159
20220519-1-SQUID	51	0	2347.90853	1219.41593	2390.10330	1226.80531
20220519-1-SQUID	51	1	2192.58805	1141.76106	2227.61419	1169.46018
20220519-1-SQUID	52	0	1532.64210	1977.80244	1551.83011	1850.74362
20220519-2-NAKED	0	0	1423.48515	1244.91089	1419.38614	1153.46535
20220519-2-NAKED	1	0	91.18812	671.63366	157.08911	743.41584
20220519-2-NAKED	1	1	195.44554	654.40594	257.48515	689.95050
20220519-2-NAKED	2	0	841.06931	244.02970	885.27723	250.11881
20220519-2-NAKED	2	1	724.93069	302.24752	770.02970	302.69307
20220519-2-NAKED	3	0	164.53686	684.52408	217.76938	674.84882
20220519-2-NAKED	4	0	1764.96894	1287.41722	1781.66460	1163.44371
20220519-2-NAKED	5	0	760.42574	514.97030	801.26733	416.75248
20220519-2-NAKED	5	1	868.90099	479.68317	908.31683	384.07921
20220519-2-NAKED	6	0	2640.29814	2081.32450	2742.85714	2150.46358
20220519-2-NAKED	7	0	1137.60248	2036.02649	1175.85093	2155.23179
20220519-2-NAKED	8	0	1209.15528	2033.64238	1242.63354	2150.46358
20220519-2-NAKED	9	0	2379.03960	875.28713	2472.52475	895.53465
20220519-2-NAKED	9	1	2529.03960	926.37624	2631.13861	906.82178
20220519-2-NAKED	10	0	2696.28713	961.07921	2797.95050	903.40594
20220519-2-NAKED	10	1	2843.01980	1009.49505	2943.19802	911.72277
20220519-2-NAKED	11	0	2219.04950	781.02970	2298.08911	842.42574
20220519-2-NAKED	11	1	2368.15842	831.82178	2455.51485	849.85149
20220519-2-NAKED	12	0	2117.93233	191.22494	2048.72180	418.53007
20220519-2-NAKED	12	1	2255.24812	140.71269	2165.41353	333.14031
20220519-2-NAKED	13	0	344.65347	736.85149	399.96040	1050.72277
20220519-2-NAKED	13	1	192.57426	645.36634	257.78218	1011.11881
20220519-2-NAKED	14	0	557.32673	221.77228	594.84158	496.14851
20220519-2-NAKED	14	1	607.52475	233.95050	637.61386	510.70297
20220519-2-NAKED	15	0	72.17822	224.70297	134.85149	671.05941
20220519-2-NAKED	15	1	96.83168	291.53465	154.75248	730.16832
20220519-2-NAKED	16	0	2308.92079	704.12871	2412.04950	1002.98020
20220519-2-NAKED	16	1	2186.94059	617.79208	2270.66337	945.95050
20220519-2-NAKED	17	0	3083.85633	736.39530	3151.60681	904.34826
20220519-2-NAKED	17	1	2921.73913	724.30123	2990.69943	915.23292
20220519-2-NAKED	18	0	741.18812	737.51485	780.55446	725.93069
20220519-2-NAKED	18	1	845.74257	726.82178	883.02970	712.86139
20220519-2-NAKED	19	0	1133.99010	1579.30693	1151.87129	1956.25743
20220519-2-NAKED	19	1	1222.80198	1582.27723	1238.60396	1951.20792
20220519-2-NAKED	20	0	280.33663	1179.00000	244.95050	1219.60396
20220519-2-NAKED	20	1	468.45545	1159.59406	425.94059	1186.33663
20220519-2-NAKED	21	0	3289.91089	1602.54455	3364.79208	1585.93069
20220519-2-NAKED	21	1	3408.12871	1587.69307	3478.55446	1575.83168
20220519-2-NAKED	22	0	2878.18526	1053.16461	2994.32892	1004.34826
20220519-2-NAKED	22	1	2693.08129	1020.51064	2809.22495	1021.27996
20220519-2-NAKED	23	0	2955.46535	775.07921	3006.01980	744.77228
20220519-2-NAKED	23	1	3109.92079	767.05941	3152.45545	701.10891
20220519-2-NAKED	24	0	3142.12871	1261.83168	3202.74257	1150.60396
20220519-2-NAKED	24	1	3280.54455	1225.29703	3349.77228	1101.89109
20220519-2-NAKED	25	0	3763.06931	1913.40594	3827.22772	1887.03960
20220519-2-NAKED	26	0	3425.07921	538.25743	3390.01980	332.83168
20220519-2-NAKED	26	1	3245.37624	507.96040	3209.42574	358.07921
20220519-2-NAKED	27	0	988.38614	237.47525	1009.08911	853.86139
20220519-2-NAKED	27	1	937.29703	235.89109	959.18812	811.08911
20220519-2-NAKED	28	0	671.15842	308.76238	700.97030	898.21782
20220519-2-NAKED	28	1	742.44554	317.87129	768.69307	888.31683
20220519-2-NAKED	29	0	590.15842	220.80198	619.23762	860.59406
20220519-2-NAKED	29	1	678.87129	244.96040	708.34653	855.84158
20220519-2-NAKED	30	0	386.99010	293.27723	429.53465	751.68317
20220519-2-NAKED	30	1	464.61386	313.87129	503.59406	760.79208
20220519-2-NAKED	31	0	571.14851	374.46535	610.12871	901.78218
20220519-2-NAKED	31	1	654.71287	372.88119	683.39604	882.77228
20220519-2-NAKED	32	0	709.34653	469.67327	736.89109	1051.24752
20220519-2-NAKED	32	1	771.52475	473.23762	795.50495	1017.18812
20220519-2-NAKED	33	0	1318.46535	415.72277	1318.32673	1010.51485
20220519-2-NAKED	33	1	1392.92079	411.36634	1392.38614	989.52475
20220519-2-NAKED	34	0	814.75248	516.49505	841.11881	1010.79208
20220519-2-NAKED	34	1	823.06931	476.49505	848.24752	951.78218
20220519-2-NAKED	35	0	373.13861	635.26733	423.70297	990.59406
20220519-2-NAKED	35	1	442.04950	629.72277	483.50495	968.41584
20220519-2-NAKED	36	0	338.54455	496.04950	384.89109	924.85149
20220519-2-NAKED	36	1	426.06931	511.09901	467.66337	927.22772
20220519-2-NAKED	37	0	218.94059	398.22772	272.59406	835.66337
20220519-2-NAKED	37	1	293.79208	376.84158	341.10891	801.20792
20220519-2-NAKED	38	0	126.73267	176.76238	188.51485	825.91089
20220519-2-NAKED	38	1	193.26733	201.31683	249.50495	800.56436
20220519-2-NAKED	39	0	152.87129	384.96040	211.08911	897.29703
20220519-2-NAKED	39	1	232.87129	409.51485	282.77228	879.47525
20220519-2-NAKED	40	0	80.00000	544.16832	144.55446	1058.92079
20220519-2-NAKED	40	1	165.14851	538.62376	226.13861	1025.65347
20220519-2-NAKED	41	0	541.07921	338.78218	580.15842	762.40594
20220519-2-NAKED	41	1	598.10891	326.50495	631.64356	732.30693
20220519-2-NAKED	42	0	507.81188	391.45545	549.13861	739.05941
20220519-2-NAKED	42	1	570.38614	383.53465	602.20792	726.78218
20220519-2-NAKED	43	0	74.85149	637.66337	143.36634	1023.03960
20220519-2-NAKED	43	1	138.61386	635.68317	203.16832	1002.84158
20220519-2-NAKED	44	0	457.17822	548.58416	497.70297	874.74257
20220519-2-NAKED	44	1	513.41584	576.30693	544.43564	888.20792
20220519-2-NAKED	45	0	1333.76238	1277.94059	1335.81188	2053.46535
20220519-2-NAKED	45	1	1427.62376	1271.20792	1418.18812	2097.82178
20220519-2-NAKED	46	0	1665.63366	1216.70297	1653.07921	2060.19802
20220519-2-NAKED	46	1	1793.55446	1203.63366	1775.45545	2111.28713
20220519-2-NAKED	47	0	1525.52475	1242.95050	1523.96040	1140.07921
20220519-2-NAKED	48	0	1790.08911	1910.87129	1801.00990	2058.21782
20220519-2-NAKED	49	0	1310.99010	1595.01980	1320.45545	1696.01980
20220519-2-NAKED	49	1	1353.36634	1610.86139	1362.83168	1708.29703
20220519-2-NAKED	50	0	368.83168	816.25743	422.29703	952.17822
20220519-2-NAKED	50	1	312.99010	810.71287	371.20792	946.63366
20220519-2-NAKED	51	0	1534.45545	1394.14851	1540.04950	1363.96040
20220519-2-NAKED	51	1	1684.95050	1410.78218	1687.77228	1377.42574
20220519-2-NAKED	52	0	1628.70186	1599.73510	1638.52795	1673.64238
20220519-2-NAKED	52	1	1706.21739	1614.03974	1716.04348	1689.13907
20220519-2-NAKED	53	0	1550.03960	1788.58416	1561.24752	2027.32673
20220519-2-NAKED	53	1	1591.62376	1771.95050	1607.18812	2013.06931
20220519-2-NAKED	54	0	1813.25743	1687.77228	1828.05941	1725.88119
20220519-2-NAKED	54	1	1875.43564	1664.40594	1885.88119	1696.97030
20220519-2-NAKED	55	0	1438.70297	1556.72277	1445.03960	1702.35644
20220519-2-NAKED	55	1	1478.70297	1557.11881	1486.62376	1702.35644
20220519-2-NAKED	56	0	1522.75248	1381.07921	1526.12871	1498.68317
20220519-2-NAKED	56	1	1582.95050	1388.60396	1586.72277	1504.62376
20220519-2-NAKED	57	0	1381.98020	1412.11881	1382.48515	1535.36634
20220519-2-NAKED	57	1	1329.30693	1412.91089	1331.00000	1534.97030
20220519-2-NAKED	58	0	1701.48515	1142.72277	1700.06931	1254.34653
20220519-2-NAKED	58	1	1773.96040	1137.97030	1770.96040	1251.97030
20220519-2-NAKED	59	0	1301.75248	1122.00990	1286.85149	1088.36634
20220519-2-NAKED	60	0	2711.11881	1956.79208	2804.31683	2088.71287
20220519-2-NAKED	60	1	2753.49505	1937.78218	2843.92079	2064.55446
20220519-2-NAKED	61	0	1954.00000	1782.96040	2080.82178	1743.66337
20220521-2-SQUID	0	0	1822.98191	854.90022	1830.16843	840.53215
20220521-2-SQUID	1	0	2648.30069	1090.59645	2680.57392	1084.78936
20220521-2-SQUID	2	0	2602.78603	1170.81818	2644.64130	1139.86696
20220521-2-SQUID	3	0	2751.30755	1175.60754	2793.16282	1094.36807
20220521-2-SQUID	4	0	2720.16594	1205.54102	2764.41672	1130.28825
20220521-2-SQUID	5	0	3533.37492	1338.23725	3623.20649	1214.88248
20220521-2-SQUID	6	0	3431.56581	1298.72506	3511.81535	1172.97561
20220521-2-SQUID	7	0	3233.93637	1199.34590	3297.41734	1085.56984
20220521-2-SQUID	8	0	3097.39239	1131.09756	3152.48908	1084.37251
20220521-2-SQUID	9	0	3257.89145	1140.67627	3320.17467	1080.78049
20220521-2-SQUID	10	0	3318.97692	1167.01774	3388.44666	1085.56984
20220521-2-SQUID	11	0	3392.03993	1169.41242	3466.30069	1083.17517
20220521-2-SQUID	12	0	3221.95883	1422.05100	3289.03306	1311.86696
20220521-2-SQUID	13	0	3358.50281	1487.90466	3432.76357	1381.31264
20220521-2-SQUID	14	0	3190.81722	1503.47007	3259.08921	1410.04878
20220521-2-SQUID	15	0	3293.82408	1613.62528	3366.88709	1529.78271
20220521-2-SQUID	16	0	3151.29133	1653.13747	3219.56332	1568.09756
20220521-2-SQUID	17	0	3032.71366	1570.52106	3098.59014	1478.29712
20220521-2-SQUID	18	0	2716.50655	1633.98004	2785.97629	1564.50554
20220521-2-SQUID	19	0	2795.55833	1575.31042	2862.63256	1489.07317
20220521-2-SQUID	20	0	3176.44417	1326.26386	3239.92514	1223.26386
20220521-2-SQUID	21	0	3103.38116	1372.96009	3166.86213	1271.15743
20220521-2-SQUID	22	0	2997.97879	1401.69623	3060.26201	1309.47228
20220521-2-SQUID	23	0	2959.65066	1478.32594	3015.94510	1389.69401
20220521-2-SQUID	24	0	2940.48659	1327.46120	2997.97879	1237.63193
20220521-2-SQUID	25	0	2777.59201	1503.47007	2838.67748	1429.20621
20220521-2-SQUID	26	0	2764.41672	1471.14191	2823.10667	1382.50998
20220521-2-SQUID	27	0	2663.80536	1406.48559	2722.49532	1338.20843
20220521-2-SQUID	28	0	2579.96257	1362.18404	2636.25702	1299.89357
20220521-2-SQUID	29	0	2470.96694	1293.93570	2517.67935	1226.85588
20220521-2-SQUID	30	0	2682.96943	1256.81818	2727.28634	1166.98891
20220521-2-SQUID	31	0	2747.64816	1187.76053	2788.37180	1111.13082
20220521-2-SQUID	32	0	1873.71803	1870.24390	1878.07860	2097.73836
20220521-2-SQUID	32	1	1799.45727	1860.66519	1806.21335	2069.00222
20220521-2-SQUID	33	0	1789.44479	1669.09091	1799.02682	1666.69623
20220521-2-SQUID	34	0	1600.11354	1702.61641	1607.38615	1707.40576
20220521-2-SQUID	35	0	377.86988	106.11940	645.03778	173.95522
20220521-2-SQUID	35	1	577.99580	30.89552	869.33998	1.34328
20220521-2-SQUID	36	0	2977.61697	1463.14856	3035.10917	1412.86031
20220521-2-SQUID	37	0	2177.51716	1604.43459	2258.96444	1599.64523
20220521-2-SQUID	38	0	2397.90393	1659.51220	2479.35122	1649.93348
20220521-2-SQUID	39	0	2582.35808	1534.98891	2647.03681	1491.88470
20220521-2-SQUID	40	0	3078.22832	1487.09534	3140.51154	1386.51885
20220521-2-SQUID	41	0	2910.54273	1410.46563	2963.24392	1345.80931
20220521-2-SQUID	42	0	2963.24392	1343.41463	3018.34061	1273.96896
20220521-2-SQUID	43	0	2757.23019	1405.67627	2817.11790	1357.78271
20220521-2-SQUID	44	0	2762.02121	1355.38803	2812.32689	1290.73171
20220521-2-SQUID	45	0	2553.61198	1341.01996	2606.31316	1312.28381
20220521-2-SQUID	46	0	2381.13537	1314.67849	2433.83656	1312.28381
20220521-2-SQUID	47	0	2673.38740	1156.62971	2716.50655	1132.68293
20220521-2-SQUID	48	0	3094.99688	174.81153	2984.80349	21.55211
20220521-2-SQUID	49	0	2275.73300	150.86475	2160.74860	210.73171
20220521-2-SQUID	50	0	2936.89333	1513.43681	2999.17654	1451.17517
20220521-2-SQUID	51	0	571.32876	443.01552	766.56269	607.97561
20220521-2-SQUID	51	1	1220.51154	474.14634	1353.46226	824.69401
20220521-2-SQUID	52	0	2328.43419	1625.98670	2407.48596	1614.01330
20220521-2-SQUID	53	0	3391.16883	662.24176	3374.54545	424.87912
20220521-2-SQUID	54	0	977.24828	1582.63193	996.30193	1704.44346
20220521-2-SQUID	54	1	1039.53150	1587.42129	1054.99189	1706.83814
20220521-2-SQUID	55	0	1715.06488	1507.19956	1720.94323	1626.61641
20220521-2-SQUID	55	1	1766.56831	1547.90909	1772.44666	1679.29933
20220521-2-SQUID	56	0	871.96507	1504.82927	883.84591	1585.26386
20220521-2-SQUID	56	1	814.47286	1498.84257	828.74922	1580.47450
20220521-2-SQUID	57	0	2287.71054	43.10421	2151.16656	146.07539
20220521-2-SQUID	58	0	1006.11354	2057.02882	1051.62820	2155.21064
20220521-2-SQUID	59	0	1231.29133	2138.44789	1264.82845	2152.81596
20220521-2-SQUID	60	0	3598.05365	107.76053	3499.83780	7.18404
20220521-2-SQUID	61	0	843.21896	1763.68071	871.96507	1903.76940
20220521-2-SQUID	61	1	888.73362	1766.07539	909.09545	1900.17738
20220521-2-SQUID	62	0	926.87523	1718.18182	955.09545	1913.34812
20220521-2-SQUID	62	1	1007.12477	1742.12860	1034.14722	1925.32151
20220521-2-SQUID	63	0	1231.42608	1792.41685	1252.85090	1903.76940
20220521-2-SQUID	63	1	1285.32502	1774.45676	1298.36556	1882.21729
20220521-2-SQUID	64	0	995.33375	1778.04878	1021.77417	1912.15078
20220521-2-SQUID	64	1	925.86400	1778.04878	957.09545	1919.33481
20220521-2-SQUID	65	0	946.22583	1719.37916	970.18091	1822.35033
20220521-3-NAKED	0	0	2937.70297	1400.47525	3002.46535	1304.43564
20220521-3-NAKED	1	0	3277.23762	1975.12871	3350.97030	2143.56436
20220521-3-NAKED	1	1	3310.10891	1981.86139	3383.24752	2148.11881
20220521-3-NAKED	2	0	984.99010	1736.70297	1014.51485	1871.63366
20220521-3-NAKED	2	1	1038.05941	1753.73267	1064.41584	1880.34653
20220521-3-NAKED	3	0	2632.37624	1778.54455	2713.61386	1814.30693
20220521-3-NAKED	4	0	2769.18812	1786.29703	2849.09901	1839.86139
20220521-3-NAKED	4	1	2734.13861	1798.17822	2814.64356	1850.95050
20220521-3-NAKED	5	0	2888.52475	1824.62376	2966.31683	1899.80198
20220521-3-NAKED	5	1	2919.21782	1843.83168	2997.20792	1918.41584
20220521-3-NAKED	6	0	226.70297	841.22772	461.22772	651.64356
20220521-3-NAKED	7	0	2491.01980	203.55446	2403.20792	239.46535
20220521-3-NAKED	7	1	2324.19802	149.57426	2226.68317	248.73267
20220521-3-NAKED	8	0	3001.17822	314.04950	2939.41584	225.13861
20220521-3-NAKED	8	1	3167.31683	325.73267	3112.13861	200.77228
20220521-3-NAKED	9	0	2015.50495	1312.53465	2108.01980	1395.39604
20220521-3-NAKED	10	0	2874.93069	281.27723	2834.20792	339.75248
20220521-3-NAKED	10	1	3167.72277	364.53465	3136.81188	330.19802
20220521-3-NAKED	11	0	2696.15842	280.51485	2657.88119	380.21782
20220521-3-NAKED	11	1	2970.21782	391.18812	2947.97030	401.07921
20220521-3-NAKED	12	0	2848.27723	125.77228	2759.89109	150.36634
20220521-3-NAKED	12	1	3105.52475	196.05941	3032.96040	136.66337
20220521-3-NAKED	13	0	3263.65347	75.24752	3173.95050	60.84158
20220521-3-NAKED	13	1	3579.83168	157.56436	3509.93069	54.85149
20220521-3-NAKED	14	0	2518.87129	352.23762	2495.79208	441.45545
20220521-3-NAKED	14	1	2730.76238	500.50495	2732.92079	519.18812
20220521-3-NAKED	15	0	3253.98020	340.38614	3214.58416	261.49505
20220521-3-NAKED	15	1	3531.55446	426.20792	3502.78218	290.33663
20220521-3-NAKED	16	0	2246.20792	132.64356	2177.01980	344.44554
20220521-3-NAKED	16	1	2560.00000	276.73267	2522.33663	387.89109
20220521-3-NAKED	17	0	2450.88119	90.49505	2359.19802	226.15842
20220521-3-NAKED	17	1	2742.88119	216.40594	2681.85149	279.15842
20220521-3-NAKED	18	0	2576.25743	51.48515	2477.80198	192.57426
20220521-3-NAKED	18	1	2910.38614	104.36634	2823.03960	143.02970
20220521-3-NAKED	19	0	2879.94059	170.20792	2800.73267	174.15842
20220521-3-NAKED	19	1	3127.16832	262.83168	3068.18812	195.64356
20220521-3-NAKED	20	0	3075.66337	460.46535	3063.49505	406.12871
20220521-3-NAKED	20	1	3350.07921	519.67327	3338.17822	401.71287
20220521-3-NAKED	21	0	2998.08911	411.39604	2974.75248	369.65347
20220521-3-NAKED	21	1	3196.40594	537.32673	3190.60396	432.38614
20220521-3-NAKED	22	0	3167.64356	345.24752	3122.26733	242.02970
20220521-3-NAKED	22	1	3354.68317	504.78218	3341.14851	380.83168
20220521-3-NAKED	23	0	3101.23762	173.94059	3021.40594	112.48515
20220521-3-NAKED	23	1	3352.00000	304.71287	3298.84158	175.17822
20220521-3-NAKED	24	0	3191.25743	129.32673	3103.11881	63.76238
20220521-3-NAKED	24	1	3527.97030	171.00990	3447.86139	23.56436
20220521-3-NAKED	25	0	3263.50495	396.57426	3222.56436	243.83168
20220521-3-NAKED	25	1	3073.81188	474.62376	3052.43564	364.36634
20220521-3-NAKED	26	0	3169.17822	262.30693	3115.61386	220.12871
20220521-3-NAKED	26	1	3449.23762	259.58416	3389.12871	139.83168
20220521-3-NAKED	27	0	3165.86139	189.29703	3091.74257	134.30693
20220521-3-NAKED	27	1	3460.97030	267.10891	3404.80198	138.30693
20220521-3-NAKED	28	0	2992.02970	298.90099	2947.27723	278.38614
20220521-3-NAKED	28	1	3307.78218	316.29703	3262.51485	222.60396
20220521-3-NAKED	29	0	3024.31683	116.43564	2928.53465	78.86139
20220521-3-NAKED	29	1	3242.26733	302.53465	3191.59406	207.10891
20220521-3-SQUID	0	0	853.86633	1735.67148	1028.95690	1752.45283
20220521-3-SQUID	1	0	542.06121	1541.48724	578.03873	1855.53829
20220521-3-SQUID	2	0	1091.86259	1404.93785	1085.32167	1465.97114
20220521-3-SQUID	2	1	1307.72767	1595.52608	1319.17552	1636.18202
20220521-3-SQUID	3	0	170.29357	1549.60599	195.47783	1651.76471
20220521-3-SQUID	3	1	324.99688	1575.97669	351.38039	1657.75805
20220521-3-SQUID	4	0	207.47033	1478.20866	249.44410	1844.75028
20220521-3-SQUID	4	1	496.48969	1516.56604	536.06496	1880.71032
20220521-3-SQUID	5	0	199.07558	1452.78579	225.45909	1697.31410
20220521-3-SQUID	6	0	2102.76889	543.28857	2151.45534	769.54495
20220521-3-SQUID	7	0	2410.49344	1258.60155	2480.04997	1692.51942
20220521-3-SQUID	8	0	117.52655	1469.44728	142.71081	1614.60599
20220521-3-SQUID	9	0	2546.93754	1504.60599	2628.75703	1709.30078
20220521-3-SQUID	9	1	2838.35540	1430.28857	2909.38164	1642.17536
20220521-3-SQUID	10	0	254.24110	1289.76693	235.05309	1328.12431
20220521-3-SQUID	11	0	2494.44097	846.25971	2597.57651	978.11321
20220521-3-SQUID	12	0	1690.94316	745.57159	1902.01124	683.24084
20220521-4-NAKED	0	0	717.40293	667.57919	908.94780	601.32579
20220521-4-NAKED	0	1	386.19987	560.06787	609.52069	462.04977
20220521-4-NAKED	1	0	2154.58416	1341.30693	2221.31683	1337.72277
20220521-4-NAKED	1	1	2001.71287	1292.99010	2070.62376	1303.26733
20220521-4-NAKED	2	0	2181.14851	1383.49505	2251.28713	1400.14851
20220521-4-NAKED	2	1	2013.42574	1370.02970	2081.98020	1404.10891
20220521-4-NAKED	3	0	3516.12985	1523.01357	3589.45894	1591.21267
20220521-4-NAKED	3	1	3291.25398	1475.36652	3363.36092	1524.01810
20220521-4-NAKED	4	0	3050.35644	1024.05941	3187.70297	1054.66337
20220521-4-NAKED	4	1	3014.11881	1021.88119	3143.34653	1060.40594
20220521-4-NAKED	5	0	461.39604	914.92079	598.81188	1057.42574
20220521-4-NAKED	6	0	2511.79208	940.30693	2645.30693	1066.33663
20220521-4-NAKED	7	0	608.63144	1920.54299	674.62763	2155.11312
20220521-4-NAKED	8	0	1132.72438	1054.00452	1204.05602	1046.57014
20220521-4-NAKED	9	0	2676.95162	879.42534	2776.72820	930.95023
20220521-4-NAKED	10	0	3179.25589	905.08145	3258.25589	862.53394
20220521-4-NAKED	11	0	2321.71610	743.20362	2439.16677	952.79186
20220521-4-NAKED	11	1	2258.16423	729.76471	2384.16996	955.23529
20220521-4-NAKED	12	0	2116.76639	960.27149	2265.86887	1067.78281
20220521-4-NAKED	13	0	2102.95099	833.61086	2238.98154	1070.22624
20220521-4-NAKED	14	0	1980.73584	861.71041	2128.98791	1067.78281
20220521-4-NAKED	15	0	1953.84850	953.33937	2106.98918	1075.11312
20220521-4-NAKED	16	0	1928.37383	964.85050	2082.54615	1075.11312
20220521-4-NAKED	17	0	141.76957	1819.14027	212.65436	2047.60181
20220521-4-NAKED	18	0	1872.33609	1617.55656	1891.89052	1505.15837
20220521-4-NAKED	19	0	1089.27723	1509.40594	1092.26733	1475.32673
20220521-4-NAKED	20	0	1882.11330	1803.25792	1896.77912	1788.59729
20220521-4-NAKED	21	0	1000.60396	1418.87129	1001.86139	1418.12871
20220521-4-NAKED	21	1	1094.06931	1418.47525	1096.11881	1415.15842
20220523-1-NAKED	0	0	780.17822	896.81188	914.29703	867.92079
20220523-1-NAKED	0	1	791.26733	858.19802	927.36634	840.19802
20220523-1-NAKED	1	0	2974.21118	763.88079	3055.30435	855.29139
20220523-1-NAKED	1	1	3215.10559	724.54305	3275.92547	743.23841
20220523-1-NAKED	2	0	3207.95031	684.49007	3255.65217	706.82781
20220523-1-NAKED	2	1	2976.59627	695.21854	3044.57143	795.03974
20220523-1-NAKED	3	0	2315.92547	405.29801	2413.71429	946.49007
20220523-1-NAKED	4	0	2899.92079	1695.21782	2969.54455	1764.96040
20220523-1-NAKED	4	1	2844.47525	1706.10891	2919.44554	1780.40594
20220523-1-NAKED	5	0	2897.70297	1725.60396	2967.73267	1972.47525
20220523-1-NAKED	5	1	2822.25743	1707.18812	2893.87129	1971.08911
20220523-1-NAKED	6	0	2447.25743	1620.82178	2525.76238	1665.27723
20220523-1-NAKED	6	1	2287.05941	1610.12871	2369.12871	1663.89109
20220523-2-NAKED	0	0	2880.01980	1886.53465	2958.41584	2038.81188
20220523-2-NAKED	1	0	3014.50495	1606.08911	3081.22772	1548.27723
20220523-2-NAKED	2	0	2559.83168	1808.37624	2666.96040	2111.88119
20220523-2-NAKED	2	1	2518.64356	1802.43564	2629.93069	2097.42574
20220523-2-NAKED	3	0	3540.59406	1461.38614	3619.00990	1387.72277
20220523-3-NAKED	0	0	2895.50311	483.97351	2890.73292	507.81457
20220523-3-NAKED	1	0	977.88820	731.92053	1149.61491	681.85430
20220523-3-NAKED	2	0	2494.80745	2107.54967	2604.52174	2148.07947
20220523-3-NAKED	3	0	3405.91304	2064.63576	3475.08075	2152.84768
20220523-3-SQUID	0	0	1140.26201	562.74945	1372.62633	613.03769
20220523-3-SQUID	1	0	35.93263	1558.93570	82.64504	1791.21951
20220523-3-SQUID	1	1	238.35309	1606.82927	275.48347	1782.83814
20220523-3-SQUID	2	0	380.88584	1884.61197	450.35558	2114.50111
20220523-3-SQUID	3	0	749.79414	1599.64523	766.56269	1597.25055
20220523-3-SQUID	4	0	725.83905	1446.38581	716.25702	1412.86031
20220523-3-SQUID	5	0	126.96195	1285.94235	112.58890	1405.67627
20220523-3-SQUID	6	0	3432.76357	1450.92239	3497.44230	1487.09534
20220523-3-SQUID	7	0	1037.61447	629.65854	1192.98752	703.58093
20220523-3-SQUID	7	1	1339.44853	749.39246	1452.90019	914.31264
20220523-3-SQUID	8	0	2220.63631	325.67627	2177.51716	488.51441
20220523-3-SQUID	9	0	2417.06800	363.99113	2373.94885	466.96231
20220523-3-SQUID	10	0	2299.68808	435.83149	2294.89707	565.14412
20220523-3-SQUID	11	0	2237.40487	217.91574	2153.56207	344.83370
20220523-3-SQUID	12	0	2378.73986	249.04656	2314.06114	371.17517
20220523-3-SQUID	13	0	2656.61884	392.72727	2623.08172	440.62084
20220523-3-SQUID	14	0	2572.77604	363.99113	2529.65689	426.25277
20220523-3-SQUID	15	0	2508.09732	457.38359	2496.11978	541.19734
20220523-3-SQUID	16	0	2395.50842	560.35477	2414.67249	627.40576
20220523-3-SQUID	17	0	2503.30630	572.32816	2522.47037	634.58980
20220523-3-SQUID	18	0	2644.64130	543.59202	2647.03681	572.32816
20220523-3-SQUID	19	0	2548.82096	668.11530	2591.94011	668.11530
20220523-3-SQUID	20	0	2877.00561	668.11530	2893.77417	610.64302
20220523-3-SQUID	21	0	2773.99875	598.66962	2781.18528	555.56541
20220523-3-SQUID	22	0	2848.25951	565.14412	2848.25951	517.25055
20220523-3-SQUID	23	0	2872.21460	507.67184	2867.42358	476.54102
20220523-3-SQUID	24	0	2857.84155	431.04213	2824.30443	404.70067
20220523-3-SQUID	25	0	2953.66188	632.19512	2951.26638	545.98670
20220523-3-SQUID	26	0	3293.82408	514.85588	3281.84654	488.51441
20220523-3-SQUID	27	0	2172.72614	404.70067	2153.56207	565.14412
20220523-3-SQUID	28	0	2124.81597	459.77827	2120.02495	593.88027
20220523-4-SQUID	0	0	1097.14286	771.08647	1322.32065	761.50776
20220523-4-SQUID	1	0	3116.55646	1630.77605	3188.42171	1678.66962
20220523-4-SQUID	2	0	1283.99251	280.17738	1559.47598	251.44124
20220523-4-SQUID	3	0	1413.34997	186.78492	1760.69869	62.26164
20220523-4-SQUID	4	0	1449.28260	213.12639	1808.60886	62.26164
20220523-4-SQUID	5	0	2601.52215	675.29933	2642.24579	737.56098
20220523-4-SQUID	6	0	3105.62882	1117.84257	3174.08734	1575.02661
20220523-4-SQUID	6	1	2206.11541	1163.34146	2293.73799	1687.57650
20220523-5-SQUID	0	0	1796.63132	557.96009	1636.13225	608.24834
20220523-5-SQUID	1	0	3377.66687	668.11530	3392.03993	557.96009
20220523-5-SQUID	2	0	3701.06051	773.48115	3705.85153	550.77605
20220525-SQUID-1	0	0	1657.69183	653.74723	1633.73674	742.35033
20220525-SQUID-1	1	0	1331.90268	1542.17295	1331.90268	1477.51663
20220525-SQUID-1	2	0	3588.47162	593.88027	3612.42670	775.87583
20220525-SQUID-1	3	0	1159.42608	1733.74723	1176.19464	1745.72062
20220525-2-SQUID	0	0	1588.22208	433.43681	1626.55022	464.56763
20220525-2-SQUID	1	0	1939.46850	534.85809	2018.80724	852.47450
20220525-2-SQUID	1	1	2151.47099	569.58093	2212.84342	804.58093
20220525-2-SQUID	2	0	3178.83968	651.35255	3198.00374	536.40798
20220525-2-SQUID	3	0	3126.13849	1697.82705	3195.60823	1671.48559
20220525-2-SQUID	4	0	2941.68434	1922.92683	3030.31815	2143.23725
20220525-2-SQUID	5	0	2395.26388	451.39690	2415.92951	634.90687
20220525-2-SQUID	5	1	2652.78104	447.80488	2660.27137	551.09313
20220525-2-SQUID	6	0	2924.91578	569.93348	2915.33375	454.98891
20220525-2-SQUID	7	0	1046.83718	1913.34812	1080.37430	2080.97561
20220525-2-SQUID	8	0	3279.45103	1568.51441	3358.50281	1494.27938
20220525-3-NAKED	0	0	2938.43478	469.66887	2924.12422	534.03974
20220525-3-NAKED	1	0	3453.88845	1381.67598	368.01257	1339.44134
20220525-3-NAKED	2	0	2606.90683	2114.70199	2709.46584	2150.46358
20220525-3-NAKED	3	0	2838.26087	2119.47020	2931.27950	2145.69536
20220525-3-NAKED	4	0	3708.81988	1208.50331	3762.48447	1527.84106
20220525-3-NAKED	4	1	3328.39752	1284.79470	3378.48447	1571.94702
20220525-3-NAKED	5	0	87.05590	834.36424	338.68323	718.50331
20220525-3-NAKED	5	1	137.14286	804.56291	379.22981	699.43046
20220525-3-NAKED	6	0	3504.89441	270.59603	3481.04348	345.69536
20220525-3-NAKED	6	1	2924.12422	220.52980	2893.11801	396.95364
20220525-3-NAKED	7	0	2213.36646	472.05298	2210.98137	553.11258
20220525-3-NAKED	8	0	2666.53416	145.43046	2552.04969	100.13245
20220525-3-NAKED	9	0	2165.23364	377.94020	2126.95327	478.40532
20220525-3-NAKED	10	0	1037.51553	2117.08609	1080.44720	2155.23179
20220525-3-NAKED	11	0	2681.81988	203.84106	2587.27950	169.27152
20220525-3-NAKED	12	0	2117.13665	1470.30464	2189.98137	1486.93377
20220525-3-NAKED	12	1	2236.39130	1498.91391	2315.19876	1504.81457
20220525-3-NAKED	13	0	531.87578	1578.80795	546.18634	1605.69536
20220525-3-NAKED	13	1	415.00621	1570.46358	435.27950	1609.27152
20220525-3-SQUID	0	0	1561.87149	799.82262	1705.60200	778.27051
20220525-3-SQUID	1	0	1109.12040	136.49667	1406.16344	31.13082
20220525-3-SQUID	2	0	2594.24142	798.45898	2713.74049	972.77605
20220525-3-SQUID	2	1	2806.24392	729.01330	2871.84404	835.08204
20220525-3-SQUID	3	0	645.58952	1049.77827	770.15596	1026.34146
20220525-3-SQUID	3	1	604.86588	1033.01552	733.02558	1000.00000
20220525-3-SQUID	4	0	562.94448	1436.80710	560.54897	1400.88692
20220525-4-NAKED	0	0	141.15888	303.78738	421.08411	87.30897
20220525-4-NAKED	1	0	2901.15425	612.53731	2905.18363	503.73134
20220525-4-NAKED	2	0	1247.37267	937.81457	1329.90683	1002.84768
20220525-4-NAKED	2	1	1312.96273	953.31126	1387.14907	1038.60927
20220525-4-NAKED	3	0	2591.10280	1703.12292	2667.66355	1626.57807
20220525-4-NAKED	4	0	2727.47664	1676.81063	2801.64486	1595.48173
20220525-4-NAKED	5	0	2363.62733	977.48344	2506.73292	1075.23179
20220525-4-NAKED	6	0	3052.91925	1447.15232	3112.54658	1366.09272
20220525-4-NAKED	7	0	2233.39752	1175.31788	2278.78261	1230.01325
20220525-4-NAKED	7	1	2510.06832	1236.11258	2559.03106	1262.19868
20220525-4-NAKED	8	0	596.27329	150.19868	856.24845	11.92053
20220525-4-NAKED	9	0	3236.57143	2002.64901	3308.12422	2129.00662
20220525-4-NAKED	10	0	918.26087	1882.25166	956.42236	2045.56291
20220525-4-NAKED	10	1	862.21118	1885.82781	902.75776	2055.09934
20220525-4-NAKED	11	0	286.31579	1730.64588	352.48120	2054.16481
20220525-4-NAKED	12	0	2118.57764	2074.17219	2268.22360	2152.84768
20220525-4-NAKED	13	0	16.69565	421.98675	304.09938	246.75497
20220525-4-NAKED	13	1	108.52174	442.25166	384.00000	272.98013
20220525-4-NAKED	14	0	3407.10559	1376.57616	3466.73292	1475.61589
20220525-4-NAKED	14	1	3196.02484	1413.52980	3256.84472	1510.18543
20220525-4-NAKED	15	0	3064.82243	1552.42525	3124.63551	1605.04983
20220525-4-NAKED	16	0	2842.31776	1662.45847	2909.30841	1679.20266
20220525-5-NAKED	0	0	2657.54647	504.31718	2333.97770	352.07048
20220525-5-NAKED	1	0	691.15242	920.86784	835.09294	852.50661
20220525-5-NAKED	1	1	754.20074	933.95154	887.43494	871.53744
20220525-5-NAKED	2	0	2416.96654	1025.70485	2562.37918	1072.86344
20220525-5-NAKED	3	0	2521.65056	935.30837	2652.78810	1056.21145
20220525-5-NAKED	4	0	3138.14126	1955.41850	3211.89591	2155.24229
20220525-5-NAKED	5	0	792.26766	1679.47137	818.43866	1750.83700
20220525-5-NAKED	6	0	254.57249	1509.37445	266.46840	1538.40969
20220525-5-NAKED	7	0	635.24164	1498.66960	640.00000	1501.53744
20220525-5-NAKED	8	0	2210.26022	1327.40088	2279.25651	1477.26872
20220525-5-NAKED	9	0	38.06691	362.77533	324.75836	582.81938
20220525-5-NAKED	9	1	877.91822	23.78855	1099.18216	438.89868
20220525-5-NAKED	10	0	2407.73234	352.07048	2348.25279	392.51101
20220525-5-NAKED	11	0	2262.60223	463.87665	2241.18959	509.07489
20220525-5-NAKED	12	0	2545.72491	187.92952	2438.66171	190.30837
20220526-1-SQUID	0	0	254.75728	708.57282	482.92233	597.39806
20220526-1-SQUID	1	0	2820.93204	1976.69903	2910.10680	2150.29126
20220526-1-SQUID	2	0	2502.52427	1015.92233	2641.15534	1073.45631
20220526-1-SQUID	3	0	3087.25243	1521.59223	3155.55340	2113.39806
20220526-1-SQUID	4	0	228.57282	681.00971	458.88350	633.92233
20220526-1-SQUID	4	1	434.78641	668.97087	631.69903	631.59223
20220526-1-SQUID	5	0	716.72816	1558.08738	725.13592	1538.69903
20220526-1-SQUID	6	0	832.44660	706.42718	1023.17476	521.49515
20220526-1-SQUID	7	0	718.09709	374.90291	968.48544	186.79612
20220526-1-SQUID	7	1	523.14563	306.16505	791.00971	99.02913
20220526-1-SQUID	8	0	3305.14563	655.19417	3334.29126	581.10680
20220526-1-SQUID	8	1	3156.79612	635.00000	3184.00000	600.91262
20220526-1-SQUID	9	0	2867.09709	741.22330	2938.82524	802.31068
20220526-1-SQUID	9	1	3093.11650	675.98058	3132.22330	665.61165
20220526-1-SQUID	10	0	1249.52427	869.34951	1359.49515	886.38835
20220526-2-NAKED	0	0	3397.75960	394.26652	1435.46885	384.59127
20220526-2-NAKED	1	0	845.61447	1829.53437	883.94261	1932.50554
20220526-2-SQUID	0	0	2468.04854	1921.50485	2570.91262	2008.54369
20220526-2-SQUID	1	0	857.36893	956.11650	982.69903	897.28155
20220526-2-SQUID	1	1	628.63107	906.40777	788.52427	823.49515
20220526-2-SQUID	2	0	1028.53398	2036.50485	1071.84466	2106.40777
20220526-2-SQUID	3	0	3744.46602	1881.70874	3808.15534	1999.22330
20220526-2-SQUID	4	0	1712.62136	852.81553	1843.10680	948.34951
20220526-2-SQUID	5	0	2028.08738	456.72816	2144.88350	1019.89320
20220526-2-SQUID	5	1	2737.33981	530.58252	2823.27184	933.03883
20220526-2-SQUID	6	0	2358.12621	423.12621	2349.70874	539.89320
20220526-2-SQUID	6	1	2476.18447	437.88350	2468.15534	528.63107
20220526-2-SQUID	7	0	2480.07767	505.65049	2485.74757	553.00971
20220526-2-SQUID	8	0	495.86408	898.73786	668.66019	824.20388
20220526-2-SQUID	8	1	115.28155	783.78641	356.46602	645.65049
20220526-2-SQUID	9	0	972.11650	1588.13592	982.64078	1573.67961
20220526-3-NAKED	0	0	3722.35664	1233.85475	223.22074	1273.07263
20220526-3-NAKED	1	0	2479.44619	1618.18589	2544.69478	1555.29675
20220526-3-NAKED	2	0	2667.94210	1569.80963	2725.94084	1502.08287
20220526-3-NAKED	3	0	3291.42857	1171.72004	3366.34361	1215.60918
20220526-3-NAKED	3	1	3550.00629	1222.51512	3655.12901	1293.01120
20220526-3-NAKED	4	0	72.49843	1463.38186	84.58150	1627.86114
20220526-3-NAKED	5	0	241.66142	2048.73460	331.07615	2150.32475
20220526-3-NAKED	6	0	1571.64884	1466.65174	1576.73065	1391.16013
20220526-3-NAKED	7	0	2129.03713	1482.73236	2208.78540	1470.63830
20220526-3-NAKED	8	0	633.15293	1879.41769	688.73505	2034.22172
20220526-3-NAKED	9	0	613.82001	1937.46920	671.81875	2123.71781
20220526-3-NAKED	10	0	96.66457	607.12206	367.32536	396.68533
20220526-3-NAKED	11	0	3.62492	598.83987	297.24355	374.91601
20220526-3-NAKED	11	1	257.36941	532.32251	513.53052	318.07391
20220526-3-NAKED	12	0	2595.44368	1516.59574	2660.69226	1519.01456
20220526-3-NAKED	13	0	2701.77470	1584.32251	2769.43990	1593.99776
20220526-3-NAKED	14	0	2902.35368	1579.48488	2962.76904	1577.06607
20220526-3-NAKED	15	0	3069.10006	1550.45913	3131.93203	1538.36506
20220527-1-NAKED	0	0	3719.34014	1610.94972	337.84760	1616.98324
20220527-1-NAKED	1	0	1299.10448	434.86726	1564.17910	334.51327
20220527-1-NAKED	2	0	954.02985	696.02655	1139.80597	517.69912
20220527-1-NAKED	2	1	838.20896	703.19469	1035.92537	504.55752
20220527-1-NAKED	3	0	1182.44776	1861.32743	1217.44776	2022.61062
20220527-1-NAKED	3	1	1095.28358	1856.54867	1129.08955	2025.00000
20220527-1-NAKED	4	0	2334.20896	2073.98230	2460.89552	2154.02655
20220527-1-NAKED	5	0	2028.65672	923.38938	2180.29851	1072.83186
20220527-1-NAKED	6	0	279.40299	685.07080	499.10448	499.38053
20220527-1-NAKED	7	0	663.88060	649.23009	852.53731	518.49558
20220527-1-NAKED	8	0	908.65672	676.70796	1088.95522	516.10619
20220527-1-NAKED	9	0	2712.20896	620.92920	2757.40299	695.62832
20220527-1-NAKED	9	1	2946.23881	587.47788	2969.94030	612.00000
20220527-1-NAKED	10	0	1946.26866	2038.14159	2118.20896	2145.66372
20220527-1-NAKED	11	0	296.11940	1959.29204	377.31343	2143.27434
20220527-1-NAKED	12	0	305.67164	1990.35398	396.41791	2148.05310
20220527-1-NAKED	13	0	259.10448	1254.76106	250.74627	1507.97345
20220527-1-NAKED	14	0	339.10448	1303.74336	334.32836	1531.86726
20220527-1-NAKED	15	0	394.02985	1384.98230	408.35821	1619.07965
20220527-1-NAKED	16	0	397.61194	1343.16814	403.58209	1576.07080
20220527-1-NAKED	17	0	426.26866	1339.58407	428.65672	1561.73451
20220527-1-NAKED	18	0	445.37313	1333.61062	446.56716	1539.03540
20220527-1-NAKED	19	0	497.91045	1370.64602	499.10448	1537.84071
20220527-1-NAKED	20	0	514.62687	1341.97345	515.82090	1524.69912
20220527-1-NAKED	21	0	549.25373	1383.78761	558.80597	1555.76106
20220527-1-NAKED	22	0	592.23881	1427.99115	602.98507	1605.93805
20220527-1-NAKED	23	0	537.31343	1390.95575	550.44776	1576.07080
20220527-1-NAKED	24	0	2483.58209	1873.27434	2593.43284	2152.83186
20220527-1-NAKED	25	0	809.55224	1671.37168	842.98507	1929.42478
20220527-1-NAKED	25	1	760.59701	1625.97345	790.44776	1876.85841
20220527-1-NAKED	26	0	819.10448	1220.97345	797.61194	1247.25664
20220527-1-NAKED	27	0	554.02985	1316.54867	539.70149	1469.46903
20220527-1-NAKED	28	0	408.35821	1256.81416	396.41791	1438.40708
20220527-1-NAKED	29	0	539.14925	1344.44248	536.11940	1450.35398
20220527-1-NAKED	30	0	577.35821	1334.88496	580.29851	1436.01770
20220527-1-NAKED	31	0	654.97015	1330.10619	648.35821	1444.38053
20220527-1-NAKED	32	0	740.94030	1345.63717	737.91045	1419.29204
20220527-1-NAKED	33	0	787.50746	1357.58407	779.70149	1461.10619
20220527-1-NAKED	34	0	989.29851	1276.34513	974.32836	1316.54867
20220527-1-NAKED	35	0	909.29851	1350.41593	895.52239	1439.60177
20220527-1-NAKED	36	0	947.50746	1424.48673	945.67164	1465.88496
20220527-1-NAKED	37	0	896.16418	1388.64602	891.94030	1485.00000
20220527-1-NAKED	38	0	949.89552	1552.31858	957.61194	1617.61062
20220527-1-NAKED	39	0	869.89552	1444.79646	874.02985	1548.31858
20220527-1-NAKED	40	0	979.74627	1484.22124	980.29851	1525.61947
20220527-1-NAKED	41	0	1112.28358	1407.76106	1110.44776	1471.85841
20220527-1-NAKED	42	0	1145.71642	1503.33628	1148.65672	1571.01770
20220527-1-NAKED	43	0	1193.47761	1520.06195	1198.80597	1584.15929
20220527-1-NAKED	44	0	1199.44776	1647.89381	1211.94030	1665.39823
20220527-1-NAKED	45	0	1994.02985	1249.64602	2068.05970	1438.40708
20220527-1-NAKED	46	0	2292.53731	1194.69027	2333.13433	1373.89381
20220527-1-NAKED	47	0	2106.26866	1182.74336	2177.91045	1371.50442
20220527-1-NAKED	48	0	2063.28358	1113.45133	2125.37313	1283.09735
20220527-1-NAKED	49	0	2158.80597	1087.16814	2223.28358	1271.15044
20220527-1-NAKED	50	0	2299.70149	1084.77876	2359.40299	1280.70796
20220527-1-NAKED	51	0	2243.46269	1356.70796	2341.28358	1605.66372
20220527-1-NAKED	51	1	2119.28358	1414.05310	2224.26866	1659.42478
20220527-1-NAKED	52	0	2952.47761	1254.15929	3012.53731	1526.00000
20220527-1-NAKED	52	1	2773.37313	1312.69912	2837.01493	1574.98230
20220527-1-NAKED	53	0	692.53731	1225.22124	680.59701	1404.05310
20220527-1-NAKED	53	1	587.46269	1200.13274	569.55224	1384.93805
20220527-1-NAKED	54	0	2772.91045	1169.40708	2829.85075	1420.23894
20220527-1-NAKED	54	1	2611.71642	1204.05310	2674.62687	1454.88496
20220527-1-NAKED	55	0	1898.40299	1488.83186	1894.62687	1663.83186
20220527-1-NAKED	55	1	1798.10448	1436.26549	1802.68657	1617.23894
20220527-1-NAKED	56	0	1627.35821	1366.97345	1630.74627	1509.71681
20220527-1-NAKED	56	1	1531.83582	1313.21239	1532.83582	1470.29204
20220527-1-NAKED	57	0	1002.10526	813.47439	1122.26316	840.17595
20220527-1-NAKED	58	0	1277.61194	1256.81416	1272.83582	1187.52212
20220527-1-NAKED	59	0	830.46269	1241.49558	816.32836	1334.03540
20220527-1-NAKED	59	1	789.86567	1159.06195	767.37313	1246.82301
20220527-1-NAKED	60	0	1112.49624	1401.01114	1110.37594	1448.25390
20220527-1-NAKED	60	1	1047.53383	1312.01336	1036.99248	1362.86414
20220527-1-NAKED	61	0	972.38806	1443.12389	975.52239	1570.07965
20220527-1-NAKED	61	1	1092.98507	1401.30973	1094.92537	1513.92920
20220527-1-NAKED	62	0	544.47761	898.40708	699.70149	860.17699
20220527-1-NAKED	63	0	3173.73134	1053.71681	3290.74627	1068.05310
20220527-1-NAKED	64	0	2650.74627	1046.54867	2784.47761	1065.66372
20220527-1-NAKED	65	0	2648.35821	1015.48673	2784.47761	1072.83186
20220527-1-NAKED	66	0	2220.25373	1843.40708	2341.31343	2021.41593
20220527-1-NAKED	66	1	2158.16418	1874.46903	2287.58209	2059.64602
20220527-1-NAKED	67	0	2512.64179	1833.84956	2607.61194	1995.13274
20220527-2-SQUID	0	0	294.65347	1369.99010	304.15842	1331.51485
20220527-2-SQUID	1	0	619.00000	1245.35644	644.37624	1244.29703
20220527-2-SQUID	1	1	791.67327	1241.79208	810.71287	1251.82178
20220527-2-SQUID	2	0	595.79208	1083.27723	636.46535	1082.10891
20220527-2-SQUID	3	0	68.91089	1157.06931	118.01980	1139.81188
20220527-2-SQUID	4	0	1163.15842	1218.57426	1173.59406	1311.47525
20220527-2-SQUID	5	0	414.12871	1182.63366	451.13861	1195.85149
20220527-2-SQUID	6	0	3204.31683	1557.77228	3135.30693	1608.01980
20220527-2-SQUID	7	0	2704.02970	1702.42574	2624.79208	1703.59406
20220527-2-SQUID	7	1	2761.85149	1652.52475	2682.61386	1656.06931
20220527-2-SQUID	8	0	2698.59406	1609.74257	2623.77228	1590.78218
20220527-2-SQUID	9	0	1448.54455	509.94059	1240.27723	565.31683
20220527-2-SQUID	9	1	1505.97030	440.23762	1286.21782	486.90099
20220527-2-SQUID	10	0	1886.73267	556.03960	1639.60396	515.64356
20220527-2-SQUID	11	0	1227.73267	472.50495	1022.81188	592.48515
20220527-2-SQUID	11	1	1194.06931	396.86139	982.41584	525.15842
20220527-2-SQUID	12	0	2482.39604	551.16832	2480.00000	446.45545
20220527-2-SQUID	12	1	2252.69307	521.46535	2270.09901	352.19802
20220527-2-SQUID	13	0	2174.10891	649.63366	2146.73267	520.58416
20220527-2-SQUID	13	1	2001.43564	715.77228	1961.78218	526.12871
20220527-2-SQUID	14	0	1473.39604	497.31683	1261.37624	409.10891
20220527-2-SQUID	14	1	1783.09901	598.30693	1556.82178	415.44554
20220527-2-SQUID	15	0	1471.62376	268.40594	1210.95050	249.05941
20220527-2-SQUID	15	1	1677.96040	311.57426	1399.46535	239.55446
20220527-2-SQUID	16	0	2191.59406	530.90099	2200.54455	353.81188
20220527-2-SQUID	16	1	2005.85149	513.87129	2027.47525	271.03960
20220527-2-SQUID	17	0	2774.50495	539.45545	2762.32673	527.44554
20220527-2-SQUID	17	1	2603.01980	530.34653	2601.13861	459.72277
20220527-2-SQUID	18	0	2574.94059	464.16832	2593.20792	425.39604
20220527-2-SQUID	18	1	2415.73267	413.87129	2454.19802	323.61386
20220527-2-SQUID	19	0	2357.53465	550.52475	2357.55446	374.81188
20220527-2-SQUID	19	1	2050.97030	530.34653	2074.38614	239.36634
20220527-2-SQUID	20	0	1242.93069	255.64356	996.48515	220.43564
20220527-2-SQUID	20	1	928.07921	152.27723	675.69307	142.01980
20220527-2-SQUID	21	0	743.76238	249.84158	498.92079	360.39604
20220527-2-SQUID	21	1	572.27723	171.82178	310.40594	323.96040
20220527-2-SQUID	22	0	594.76238	288.13861	346.53465	416.25743
20220527-2-SQUID	22	1	412.58416	246.95050	137.02970	395.26733
20220527-2-SQUID	23	0	875.76238	339.20792	648.76238	414.25743
20220527-2-SQUID	23	1	691.60396	298.01980	453.91089	390.89109
20220527-2-SQUID	24	0	878.61386	112.07921	618.72277	215.39604
20220527-2-SQUID	24	1	677.42574	36.43564	404.86139	158.36634
20220527-2-SQUID	25	0	1579.62376	453.85149	1350.33663	325.17822
20220527-2-SQUID	26	0	1131.23762	567.70297	951.10891	541.44554
20220527-2-SQUID	26	1	945.49505	500.77228	747.54455	509.76238
20220527-2-SQUID	27	0	1130.95050	606.25743	956.49505	683.02970
20220527-2-SQUID	27	1	1258.47525	576.95050	1074.91089	641.84158
20220527-2-SQUID	28	0	711.57426	427.24752	496.41584	540.76238
20220527-2-SQUID	28	1	506.42574	459.72277	267.10891	619.97030
20220527-2-SQUID	29	0	2310.75248	639.75248	2286.17822	420.60396
20220527-2-SQUID	29	1	1991.94059	654.40594	1975.68317	305.75248
20220527-2-SQUID	30	0	1668.17822	239.62376	1374.88119	242.84158
20220527-2-SQUID	30	1	1457.88119	97.04950	1155.87129	152.94059
20220527-2-SQUID	31	0	2567.49505	735.04950	2506.48515	606.87129
20220527-2-SQUID	31	1	2365.11881	781.38614	2298.96040	570.43564
20220527-2-SQUID	32	0	2454.81188	847.91089	2365.37624	680.97030
20220527-2-SQUID	32	1	2295.20792	876.42574	2197.05941	635.42574
20220527-2-SQUID	33	0	1121.11881	386.65347	899.31683	518.65347
20220527-2-SQUID	33	1	1026.86139	331.60396	806.64356	480.63366
20220527-2-SQUID	34	0	1135.77228	404.77228	927.70297	535.47525
20220527-2-SQUID	34	1	1038.34653	349.72277	824.33663	493.49505
20220527-2-SQUID	35	0	656.19802	173.06931	400.61386	386.57426
20220527-2-SQUID	35	1	542.13861	138.61386	272.29703	365.18812
20220527-2-SQUID	36	0	925.45545	350.66337	705.26733	531.96040
20220527-2-SQUID	36	1	832.78218	282.14851	601.10891	477.70297
20220527-2-SQUID	37	0	480.10891	173.57426	211.48515	409.35644
20220527-2-SQUID	37	1	358.92079	140.70297	70.89109	384.00990
20220527-2-SQUID	38	0	756.35644	224.38614	514.18812	412.80198
20220527-2-SQUID	39	0	2489.91089	1249.69307	2441.58416	1303.80198
20220527-2-SQUID	40	0	2202.98020	367.14851	2268.64356	305.95050
20220527-2-SQUID	41	0	589.92079	938.05941	431.53465	1054.15842
20220527-2-SQUID	42	0	2390.04950	968.10891	2264.75248	737.10891
20220527-2-SQUID	43	0	2694.77228	705.80198	2647.82178	583.90099
20220527-2-SQUID	44	0	3431.11881	907.35644	3350.78218	1013.24752
20220527-2-SQUID	45	0	2264.55446	974.25743	2148.11881	753.26733
20220527-2-SQUID	46	0	2357.22772	733.41584	2302.56436	527.63366
20220527-2-SQUID	46	1	2072.07921	796.38614	2002.76238	497.13861
20220527-2-SQUID	47	0	3694.65347	649.21782	3655.84158	790.54455
20220527-2-SQUID	47	1	3466.53465	596.14851	3445.94059	733.91089
20220527-2-SQUID	48	0	2354.43564	1778.89109	2256.14851	1716.11881
