OpCode	Camera	MovieSeqIndex	StartTimeOffset	Format	Filename	Frames	Rate
DM-BV-01	0	0	0.00000	0	Left_MAH00351.MP4	81122	59.94006
DM-BV-01	0	0	0.00000	0	Left_MAH00352.MP4	81060	59.94006
DM-BV-01	0	0	0.00000	0	Left_MAH00353.MP4	81061	59.94006
DM-BV-01	0	0	0.00000	0	Left_MAH00354.MP4	81060	59.94006
DM-BV-01	0	0	0.00000	0	Left_MAH00355.MP4	79441	59.94006
DM-BV-01	1	0	0.00000	0	Right_MAH07771.MP4	81122	59.94006
DM-BV-01	1	0	0.00000	0	Right_MAH07772.MP4	81060	59.94006
DM-BV-01	1	0	0.00000	0	Right_MAH07773.MP4	81061	59.94006
DM-BV-01	1	0	0.00000	0	Right_MAH07774.MP4	81060	59.94006
DM-BV-01	1	0	0.00000	0	Right_MAH07775.MP4	76921	59.94006
DM-BV-02	0	0	0.00000	0	Left_MAH00436.MP4	81122	59.94006
DM-BV-02	0	0	0.00000	0	Left_MAH00437.MP4	81060	59.94006
DM-BV-02	0	0	0.00000	0	Left_MAH00438.MP4	81061	59.94006
DM-BV-02	0	0	0.00000	0	Left_MAH00439.MP4	81060	59.94006
DM-BV-02	0	0	0.00000	0	Left_MAH00440.MP4	21241	59.94006
DM-BV-02	1	0	0.00000	0	Right_MAH00443.MP4	81122	59.94006
DM-BV-02	1	0	0.00000	0	Right_MAH00444.MP4	81060	59.94006
DM-BV-02	1	0	0.00000	0	Right_MAH00445.MP4	81061	59.94006
DM-BV-02	1	0	0.00000	0	Right_MAH00446.MP4	81060	59.94006
DM-BV-02	1	0	0.00000	0	Right_MAH00447.MP4	19381	59.94006
DM-BV-03	0	0	0.00000	0	Left_MAH03144.MP4	81062	59.94006
DM-BV-03	0	0	0.00000	0	Left_MAH03145.MP4	81061	59.94006
DM-BV-03	0	0	0.00000	0	Left_MAH03146.MP4	81061	59.94006
DM-BV-03	0	0	0.00000	0	Left_MAH03147.MP4	81060	59.94006
DM-BV-03	0	0	0.00000	0	Left_MAH03148.MP4	81061	59.94006
DM-BV-03	0	0	0.00000	0	Left_MAH03149.MP4	14070	59.94006
DM-BV-03	1	0	0.00000	0	Right_MAH00064.MP4	81062	59.94006
DM-BV-03	1	0	0.00000	0	Right_MAH00065.MP4	81061	59.94006
DM-BV-03	1	0	0.00000	0	Right_MAH00066.MP4	81061	59.94006
DM-BV-03	1	0	0.00000	0	Right_MAH00067.MP4	81060	59.94006
DM-BV-03	1	0	0.00000	0	Right_MAH00068.MP4	81121	59.94006
DM-BV-03	1	0	0.00000	0	Right_MAH00069.MP4	12030	59.94006
DM-BV-04	0	0	0.00000	0	Left_MAH00346.MP4	81122	59.94006
DM-BV-04	0	0	0.00000	0	Left_MAH00347.MP4	81060	59.94006
DM-BV-04	0	0	0.00000	0	Left_MAH00348.MP4	81061	59.94006
DM-BV-04	0	0	0.00000	0	Left_MAH00349.MP4	81060	59.94006
DM-BV-04	0	0	0.00000	0	Left_MAH00350.MP4	39031	59.94006
DM-BV-04	1	0	0.00000	0	Right_MAH07766.MP4	81062	59.94006
DM-BV-04	1	0	0.00000	0	Right_MAH07767.MP4	81061	59.94006
DM-BV-04	1	0	0.00000	0	Right_MAH07768.MP4	81061	59.94006
DM-BV-04	1	0	0.00000	0	Right_MAH07769.MP4	81060	59.94006
DM-BV-04	1	0	0.00000	0	Right_MAH07770.MP4	36121	59.94006
DM-BV-05	0	0	0.00000	0	Left_MAH00438.MP4	81062	59.94006
DM-BV-05	0	0	0.00000	0	Left_MAH00439.MP4	81061	59.94006
DM-BV-05	0	0	0.00000	0	Left_MAH00440.MP4	81061	59.94006
DM-BV-05	0	0	0.00000	0	Left_MAH00441.MP4	81060	59.94006
DM-BV-05	0	0	0.00000	0	Left_MAH00442.MP4	81061	59.94006
DM-BV-05	0	0	0.00000	0	Left_MAH00443.MP4	37140	59.94006
DM-BV-05	1	0	0.00000	0	Right_MAH00437.MP4	81062	59.94006
DM-BV-05	1	0	0.00000	0	Right_MAH00438.MP4	81061	59.94006
DM-BV-05	1	0	0.00000	0	Right_MAH00439.MP4	81061	59.94006
DM-BV-05	1	0	0.00000	0	Right_MAH00440.MP4	81060	59.94006
DM-BV-05	1	0	0.00000	0	Right_MAH00441.MP4	81061	59.94006
DM-BV-05	1	0	0.00000	0	Right_MAH00442.MP4	37140	59.94006
DM-BV-06	0	0	0.00000	0	Left_MAH00485.MP4	81122	59.94006
DM-BV-06	0	0	0.00000	0	Left_MAH00486.MP4	81060	59.94006
DM-BV-06	0	0	0.00000	0	Left_MAH00487.MP4	81061	59.94006
DM-BV-06	0	0	0.00000	0	Left_MAH00488.MP4	81060	59.94006
DM-BV-06	0	0	0.00000	0	Left_MAH00489.MP4	66241	59.94006
DM-BV-06	1	0	0.00000	0	Right_MAH00321.MP4	81122	59.94006
DM-BV-06	1	0	0.00000	0	Right_MAH00322.MP4	81060	59.94006
DM-BV-06	1	0	0.00000	0	Right_MAH00323.MP4	81061	59.94006
DM-BV-06	1	0	0.00000	0	Right_MAH00324.MP4	81060	59.94006
DM-BV-06	1	0	0.00000	0	Right_MAH00325.MP4	67111	59.94006
DM-BV-07	0	0	0.00000	0	Left_MAH00480.MP4	81122	59.94006
DM-BV-07	0	0	0.00000	0	Left_MAH00481.MP4	81060	59.94006
DM-BV-07	0	0	0.00000	0	Left_MAH00482.MP4	81061	59.94006
DM-BV-07	0	0	0.00000	0	Left_MAH00483.MP4	81060	59.94006
DM-BV-07	0	0	0.00000	0	Left_MAH00484.MP4	20461	59.94006
DM-BV-07	1	0	0.00000	0	Right_MAH00316.MP4	81062	59.94006
DM-BV-07	1	0	0.00000	0	Right_MAH00317.MP4	81061	59.94006
DM-BV-07	1	0	0.00000	0	Right_MAH00318.MP4	81061	59.94006
DM-BV-07	1	0	0.00000	0	Right_MAH00319.MP4	81060	59.94006
DM-BV-07	1	0	0.00000	0	Right_MAH00320.MP4	18151	59.94006
DM-BV-07	1	0	0.00000	0	Left_MAH00480.MP4	81122	59.94006
DM-BV-08	0	0	0.00000	0	Left_MAH00425.MP4	81062	59.94006
DM-BV-08	0	0	0.00000	0	Left_MAH00426.MP4	81061	59.94006
DM-BV-08	0	0	0.00000	0	Left_MAH00427.MP4	81061	59.94006
DM-BV-08	0	0	0.00000	0	Left_MAH00428.MP4	81060	59.94006
DM-BV-08	0	0	0.00000	0	Left_MAH00429.MP4	81061	59.94006
DM-BV-08	0	0	0.00000	0	Left_MAH00430.MP4	21060	59.94006
DM-BV-08	1	0	0.00000	0	Right_MAH00626.MP4	81062	59.94006
DM-BV-08	1	0	0.00000	0	Right_MAH00627.MP4	81061	59.94006
DM-BV-08	1	0	0.00000	0	Right_MAH00628.MP4	81061	59.94006
DM-BV-08	1	0	0.00000	0	Right_MAH00629.MP4	81060	59.94006
DM-BV-08	1	0	0.00000	0	Right_MAH00630.MP4	81061	59.94006
DM-BV-08	1	0	0.00000	0	Right_MAH00631.MP4	20850	59.94006
DM-BV-09	0	0	0.00000	0	Left_MAH00458.MP4	81122	59.94006
DM-BV-09	0	0	0.00000	0	Left_MAH00459.MP4	81060	59.94006
DM-BV-09	0	0	0.00000	0	Left_MAH00460.MP4	81061	59.94006
DM-BV-09	0	0	0.00000	0	Left_MAH00461.MP4	81060	59.94006
DM-BV-09	0	0	0.00000	0	Left_MAH00462.MP4	74641	59.94006
DM-BV-09	1	0	0.00000	0	Right_MAH00965.MP4	81062	59.94006
DM-BV-09	1	0	0.00000	0	Right_MAH00966.MP4	81061	59.94006
DM-BV-09	1	0	0.00000	0	Right_MAH00967.MP4	81061	59.94006
DM-BV-09	1	0	0.00000	0	Right_MAH00968.MP4	81060	59.94006
DM-BV-09	1	0	0.00000	0	Right_MAH00969.MP4	72751	59.94006
DM-BV-10	0	0	0.00000	0	Left_MAH03139.MP4	81122	59.94006
DM-BV-10	0	0	0.00000	0	Left_MAH03140.MP4	81060	59.94006
DM-BV-10	0	0	0.00000	0	Left_MAH03141.MP4	81061	59.94006
DM-BV-10	0	0	0.00000	0	Left_MAH03142.MP4	81060	59.94006
DM-BV-10	0	0	0.00000	0	Left_MAH03143.MP4	19051	59.94006
DM-BV-10	1	0	0.00000	0	Right_MAH00059.MP4	81062	59.94006
DM-BV-10	1	0	0.00000	0	Right_MAH00060.MP4	81061	59.94006
DM-BV-10	1	0	0.00000	0	Right_MAH00061.MP4	81121	59.94006
DM-BV-10	1	0	0.00000	0	Right_MAH00062.MP4	81060	59.94006
DM-BV-10	1	0	0.00000	0	Right_MAH00063.MP4	19801	59.94006
DM-BV-11	0	0	0.00000	0	Left_MAH00431.MP4	81122	59.94006
DM-BV-11	0	0	0.00000	0	Left_MAH00432.MP4	81120	59.94006
DM-BV-11	0	0	0.00000	0	Left_MAH00433.MP4	81061	59.94006
DM-BV-11	0	0	0.00000	0	Left_MAH00434.MP4	53280	59.94006
DM-BV-11	1	0	0.00000	0	Right_MAH00632.MP4	81122	59.94006
DM-BV-11	1	0	0.00000	0	Right_MAH00633.MP4	81060	59.94006
DM-BV-11	1	0	0.00000	0	Right_MAH00634.MP4	81061	59.94006
DM-BV-11	1	0	0.00000	0	Right_MAH00635.MP4	51510	59.94006
DM-BV-12	0	0	0.00000	0	Left_MAH00463.MP4	81062	59.94006
DM-BV-12	0	0	0.00000	0	Left_MAH00464.MP4	81061	59.94006
DM-BV-12	0	0	0.00000	0	Left_MAH00465.MP4	81061	59.94006
DM-BV-12	0	0	0.00000	0	Left_MAH00466.MP4	48810	59.94006
DM-BV-12	1	0	0.00000	0	Right_MAH00970.MP4	81062	59.94006
DM-BV-12	1	0	0.00000	0	Right_MAH00971.MP4	81061	59.94006
DM-BV-12	1	0	0.00000	0	Right_MAH00972.MP4	81061	59.94006
DM-BV-12	1	0	0.00000	0	Right_MAH00973.MP4	51420	59.94006
DM-BV-13	0	0	0.00000	0	Left_MAH00427.MP4	81122	59.94006
DM-BV-13	0	0	0.00000	0	Left_MAH00428.MP4	81060	59.94006
DM-BV-13	0	0	0.00000	0	Left_MAH00429.MP4	81121	59.94006
DM-BV-13	0	0	0.00000	0	Left_MAH00430.MP4	81120	59.94006
DM-BV-13	0	0	0.00000	0	Left_MAH00431.MP4	7321	59.94006
DM-BV-13	1	0	0.00000	0	Right_MAH00434.MP4	81122	59.94006
DM-BV-13	1	0	0.00000	0	Right_MAH00435.MP4	81060	59.94006
DM-BV-13	1	0	0.00000	0	Right_MAH00436.MP4	81061	59.94006
DM-BV-13	1	0	0.00000	0	Right_MAH00437.MP4	81120	59.94006
DM-BV-13	1	0	0.00000	0	Right_MAH00438.MP4	7201	59.94006
DM-BV-14	0	0	0.00000	0	Left_MAH00432.MP4	81122	59.94006
DM-BV-14	0	0	0.00000	0	Left_MAH00433.MP4	81120	59.94006
DM-BV-14	0	0	0.00000	0	Left_MAH00434.MP4	81061	59.94006
DM-BV-14	0	0	0.00000	0	Left_MAH00435.MP4	81060	59.94006
DM-BV-14	0	0	0.00000	0	Left_MAH00436.MP4	81061	59.94006
DM-BV-14	0	0	0.00000	0	Left_MAH00437.MP4	15900	59.94006
DM-BV-14	1	0	0.00000	0	Right_MAH00439.MP4	81062	59.94006
DM-BV-14	1	0	0.00000	0	Right_MAH00440.MP4	81121	59.94006
DM-BV-14	1	0	0.00000	0	Right_MAH00441.MP4	81061	59.94006
DM-BV-14	1	0	0.00000	0	Right_MAH00442.MP4	81060	59.94006
DM-BV-14	1	0	0.00000	0	Right_MAH00443.MP4	81061	59.94006
DM-BV-14	1	0	0.00000	0	Right_MAH00444.MP4	14670	59.94006
DM-BV-15	0	0	0.00000	0	L031_MAH03154.MP4	81062	59.94006
DM-BV-15	0	0	0.00000	0	L031_MAH03155.MP4	81121	59.94006
DM-BV-15	0	0	0.00000	0	L031_MAH03156.MP4	81061	59.94006
DM-BV-15	0	0	0.00000	0	L031_MAH03157.MP4	56880	59.94006
DM-BV-15	1	0	0.00000	0	R032_MAH00070.MP4	81062	59.94006
DM-BV-15	1	0	0.00000	0	R032_MAH00071.MP4	81061	59.94006
DM-BV-15	1	0	0.00000	0	R032_MAH00072.MP4	81061	59.94006
DM-BV-15	1	0	0.00000	0	R032_MAH00073.MP4	54930	59.94006
DM-BV-16	0	0	0.00000	0	Left_MAH00441.MP4	81062	59.94006
DM-BV-16	0	0	0.00000	0	Left_MAH00442.MP4	81061	59.94006
DM-BV-16	0	0	0.00000	0	Left_MAH00443.MP4	81061	59.94006
DM-BV-16	0	0	0.00000	0	Left_MAH00444.MP4	81060	59.94006
DM-BV-16	0	0	0.00000	0	Left_MAH00445.MP4	81061	59.94006
DM-BV-16	0	0	0.00000	0	Left_MAH00446.MP4	27270	59.94006
DM-BV-16	1	0	0.00000	0	Right_MAH00448.MP4	81122	59.94006
DM-BV-16	1	0	0.00000	0	Right_MAH00449.MP4	81060	59.94006
DM-BV-16	1	0	0.00000	0	Right_MAH00450.MP4	81121	59.94006
DM-BV-16	1	0	0.00000	0	Right_MAH00451.MP4	81060	59.94006
DM-BV-16	1	0	0.00000	0	Right_MAH00452.MP4	81061	59.94006
DM-BV-16	1	0	0.00000	0	Right_MAH00453.MP4	28290	59.94006
DM-BV-17	0	0	0.00000	0	Left_MAH00433.MP4	81122	59.94006
DM-BV-17	0	0	0.00000	0	Left_MAH00434.MP4	81060	59.94006
DM-BV-17	0	0	0.00000	0	Left_MAH00435.MP4	81061	59.94006
DM-BV-17	0	0	0.00000	0	Left_MAH00436.MP4	81060	59.94006
DM-BV-17	0	0	0.00000	0	Left_MAH00437.MP4	41461	59.94006
DM-BV-17	1	0	0.00000	0	Right_MAH00432.MP4	81122	59.94006
DM-BV-17	1	0	0.00000	0	Right_MAH00433.MP4	81060	59.94006
DM-BV-17	1	0	0.00000	0	Right_MAH00434.MP4	81061	59.94006
DM-BV-17	1	0	0.00000	0	Right_MAH00435.MP4	81120	59.94006
DM-BV-17	1	0	0.00000	0	Right_MAH00436.MP4	38551	59.94006
DM-BV-19	0	0	0.00000	0	Left_MAH00438.MP4	81062	59.94006
DM-BV-19	0	0	0.00000	0	Left_MAH00439.MP4	81061	59.94006
DM-BV-19	0	0	0.00000	0	Left_MAH00440.MP4	81061	59.94006
DM-BV-19	0	0	0.00000	0	Left_MAH00441.MP4	61320	59.94006
DM-BV-19	1	0	0.00000	0	Right_MAH00445.MP4	81062	59.94006
DM-BV-19	1	0	0.00000	0	Right_MAH00446.MP4	81061	59.94006
DM-BV-19	1	0	0.00000	0	Right_MAH00447.MP4	81061	59.94006
DM-BV-19	1	0	0.00000	0	Right_MAH00448.MP4	63870	59.94006
DM-BV-20	0	0	0.00000	0	Left_MAH00420.MP4	81122	59.94006
DM-BV-20	0	0	0.00000	0	Left_MAH00421.MP4	81060	59.94006
DM-BV-20	0	0	0.00000	0	Left_MAH00422.MP4	81121	59.94006
DM-BV-20	0	0	0.00000	0	Left_MAH00423.MP4	81060	59.94006
DM-BV-20	0	0	0.00000	0	Left_MAH00424.MP4	43591	59.94006
DM-BV-20	1	0	0.00000	0	Right_MAH00621.MP4	81122	59.94006
DM-BV-20	1	0	0.00000	0	Right_MAH00622.MP4	81060	59.94006
DM-BV-20	1	0	0.00000	0	Right_MAH00623.MP4	81061	59.94006
DM-BV-20	1	0	0.00000	0	Right_MAH00624.MP4	81060	59.94006
DM-BV-20	1	0	0.00000	0	Right_MAH00625.MP4	42781	59.94006
DM-BV-21	0	0	0.00000	0	Left_MAH00444.MP4	81062	59.94006
DM-BV-21	0	0	0.00000	0	Left_MAH00445.MP4	81121	59.94006
DM-BV-21	0	0	0.00000	0	Left_MAH00446.MP4	81061	59.94006
DM-BV-21	0	0	0.00000	0	Left_MAH00447.MP4	59220	59.94006
DM-BV-21	1	0	0.00000	0	Right_MAH00443.MP4	81062	59.94006
DM-BV-21	1	0	0.00000	0	Right_MAH00444.MP4	81061	59.94006
DM-BV-21	1	0	0.00000	0	Right_MAH00445.MP4	81061	59.94006
DM-BV-21	1	0	0.00000	0	Right_MAH00446.MP4	57330	59.94006
DM-BV-22	0	0	0.00000	0	Left_MAH00356.MP4	81122	59.94006
DM-BV-22	0	0	0.00000	0	Left_MAH00357.MP4	81060	59.94006
DM-BV-22	0	0	0.00000	0	Left_MAH00358.MP4	81061	59.94006
DM-BV-22	0	0	0.00000	0	Left_MAH00359.MP4	36390	59.94006
DM-BV-22	1	0	0.00000	0	Right_MAH07776.MP4	81062	59.94006
DM-BV-22	1	0	0.00000	0	Right_MAH07777.MP4	81061	59.94006
DM-BV-22	1	0	0.00000	0	Right_MAH07778.MP4	81061	59.94006
DM-BV-22	1	0	0.00000	0	Right_MAH07779.MP4	35490	59.94006
DM-BV-24	0	0	0.00000	0	Left_MAH00453.MP4	81122	59.94006
DM-BV-24	0	0	0.00000	0	Left_MAH00454.MP4	81060	59.94006
DM-BV-24	0	0	0.00000	0	Left_MAH00455.MP4	81061	59.94006
DM-BV-24	0	0	0.00000	0	Left_MAH00456.MP4	81060	59.94006
DM-BV-24	0	0	0.00000	0	Left_MAH00457.MP4	42091	59.94006
DM-BV-24	1	0	0.00000	0	Right_MAH00960.MP4	81122	59.94006
DM-BV-24	1	0	0.00000	0	Right_MAH00961.MP4	81060	59.94006
DM-BV-24	1	0	0.00000	0	Right_MAH00962.MP4	81061	59.94006
DM-BV-24	1	0	0.00000	0	Right_MAH00963.MP4	81060	59.94006
DM-BV-24	1	0	0.00000	0	Right_MAH00964.MP4	40231	59.94006
DM-BV-25	0	0	0.00000	0	Left_MAH00447.MP4	81062	59.94006
DM-BV-25	0	0	0.00000	0	Left_MAH00448.MP4	81061	59.94006
DM-BV-25	0	0	0.00000	0	Left_MAH00449.MP4	81061	59.94006
DM-BV-25	0	0	0.00000	0	Left_MAH00450.MP4	73290	59.94006
DM-BV-25	1	0	0.00000	0	Right_MAH00454.MP4	81062	59.94006
DM-BV-25	1	0	0.00000	0	Right_MAH00455.MP4	81121	59.94006
DM-BV-25	1	0	0.00000	0	Right_MAH00456.MP4	81061	59.94006
DM-BV-25	1	0	0.00000	0	Right_MAH00457.MP4	69990	59.94006
DM-BV-26	0	0	0.00000	0	Left_MAH00458.MP4	81062	59.94006
DM-BV-26	0	0	0.00000	0	Left_MAH00459.MP4	81061	59.94006
DM-BV-26	0	0	0.00000	0	Left_MAH00460.MP4	81061	59.94006
DM-BV-26	0	0	0.00000	0	Left_MAH00461.MP4	81120	59.94006
DM-BV-26	1	0	0.00000	0	Right_MAH00465.MP4	81122	59.94006
DM-BV-26	1	0	0.00000	0	Right_MAH00466.MP4	81060	59.94006
DM-BV-26	1	0	0.00000	0	Right_MAH00467.MP4	81061	59.94006
DM-BV-26	1	0	0.00000	0	Right_MAH00468.MP4	81060	59.94006
DM-BV-27	0	0	0.00000	0	Left_1.MP4	81062	59.94006
DM-BV-27	0	0	0.00000	0	Left_2.MP4	81061	59.94006
DM-BV-27	0	0	0.00000	0	Left_3.MP4	81061	59.94006
DM-BV-27	0	0	0.00000	0	Left_4.MP4	39960	59.94006
DM-BV-27	1	0	0.00000	0	Right_1.MP4	81062	59.94006
DM-BV-27	1	0	0.00000	0	Right_2.MP4	81061	59.94006
DM-BV-27	1	0	0.00000	0	Right_3.MP4	81061	59.94006
DM-BV-27	1	0	0.00000	0	Right_4.MP4	35340	59.94006
DM-BV-28	0	0	0.00000	0	Left_MAH00368.MP4	81062	59.94006
DM-BV-28	0	0	0.00000	0	Left_MAH00369.MP4	81061	59.94006
DM-BV-28	0	0	0.00000	0	Left_MAH00370.MP4	81061	59.94006
DM-BV-28	0	0	0.00000	0	Left_MAH00371.MP4	49680	59.94006
DM-BV-28	1	0	0.00000	0	Right_MAH07788.MP4	81062	59.94006
DM-BV-28	1	0	0.00000	0	Right_MAH07789.MP4	81061	59.94006
DM-BV-28	1	0	0.00000	0	Right_MAH07790.MP4	81121	59.94006
DM-BV-28	1	0	0.00000	0	Right_MAH07791.MP4	45990	59.94006
DM-BV-29	0	0	0.00000	0	Left_MAH00338.MP4	81062	59.94006
DM-BV-29	0	0	0.00000	0	Left_MAH00339.MP4	81061	59.94006
DM-BV-29	0	0	0.00000	0	Left_MAH00340.MP4	81061	59.94006
DM-BV-29	0	0	0.00000	0	Left_MAH00341.MP4	30660	59.94006
DM-BV-29	1	0	0.00000	0	Right_MAH00502.MP4	81062	59.94006
DM-BV-29	1	0	0.00000	0	Right_MAH00503.MP4	81121	59.94006
DM-BV-29	1	0	0.00000	0	Right_MAH00504.MP4	81061	59.94006
DM-BV-29	1	0	0.00000	0	Right_MAH00505.MP4	30870	59.94006
DM-BV-30	0	0	0.00000	0	Left_1.MP4	81122	59.94006
DM-BV-30	0	0	0.00000	0	Left_2.MP4	81060	59.94006
DM-BV-30	0	0	0.00000	0	Left_3.MP4	81121	59.94006
DM-BV-30	0	0	0.00000	0	Left_4.MP4	58380	59.94006
DM-BV-30	1	0	0.00000	0	Right_1.MP4	81122	59.94006
DM-BV-30	1	0	0.00000	0	Right_2.MP4	81060	59.94006
DM-BV-30	1	0	0.00000	0	Right_3.MP4	81121	59.94006
DM-BV-30	1	0	0.00000	0	Right_4.MP4	58980	59.94006
DM-BV-31	0	0	0.00000	0	Left_MAH00454.MP4	81062	59.94006
DM-BV-31	0	0	0.00000	0	Left_MAH00455.MP4	81061	59.94006
DM-BV-31	0	0	0.00000	0	Left_MAH00456.MP4	81061	59.94006
DM-BV-31	0	0	0.00000	0	Left_MAH00457.MP4	26910	59.94006
DM-BV-31	1	0	0.00000	0	Right_MAH00460.MP4	81062	59.94006
DM-BV-31	1	0	0.00000	0	Right_MAH00461.MP4	81061	59.94006
DM-BV-31	1	0	0.00000	0	Right_MAH00462.MP4	81061	59.94006
DM-BV-31	1	0	0.00000	0	Right_MAH00463.MP4	27090	59.94006
DM-BV-32	0	0	0.00000	0	Left_MAH00463.MP4	81122	59.94006
DM-BV-32	0	0	0.00000	0	Left_MAH00464.MP4	81060	59.94006
DM-BV-32	0	0	0.00000	0	Left_MAH00465.MP4	81061	59.94006
DM-BV-32	0	0	0.00000	0	Left_MAH00466.MP4	31020	59.94006
DM-BV-32	1	0	0.00000	0	Right_MAH00470.MP4	81062	59.94006
DM-BV-32	1	0	0.00000	0	Right_MAH00471.MP4	81121	59.94006
DM-BV-32	1	0	0.00000	0	Right_MAH00472.MP4	81121	59.94006
DM-BV-32	1	0	0.00000	0	Right_MAH00473.MP4	22080	59.94006
DM-BV-33	0	0	0.00000	0	Left_1.MP4	81062	59.94006
DM-BV-33	0	0	0.00000	0	Left_2.MP4	81061	59.94006
DM-BV-33	0	0	0.00000	0	Left_3.MP4	81121	59.94006
DM-BV-33	0	0	0.00000	0	Left_4.MP4	69120	59.94006
DM-BV-33	1	0	0.00000	0	Right_1.MP4	81062	59.94006
DM-BV-33	1	0	0.00000	0	Right_2.MP4	81061	59.94006
DM-BV-33	1	0	0.00000	0	Right_3.MP4	81121	59.94006
DM-BV-33	1	0	0.00000	0	Right_4.MP4	64290	59.94006
DM-BV-34	0	0	0.00000	0	Left_MAH00457.MP4	81062	59.94006
DM-BV-34	0	0	0.00000	0	Left_MAH00458.MP4	81061	59.94006
DM-BV-34	0	0	0.00000	0	Left_MAH00459.MP4	81061	59.94006
DM-BV-34	0	0	0.00000	0	Left_MAH00460.MP4	38070	59.94006
DM-BV-34	1	0	0.00000	0	Right_MAH00456.MP4	81062	59.94006
DM-BV-34	1	0	0.00000	0	Right_MAH00457.MP4	81061	59.94006
DM-BV-34	1	0	0.00000	0	Right_MAH00458.MP4	81061	59.94006
DM-BV-34	1	0	0.00000	0	Right_MAH00459.MP4	35310	59.94006
DM-BV-35	0	0	0.00000	0	Left_MAH03166.MP4	81002	59.94006
DM-BV-35	0	0	0.00000	0	Left_MAH03167.MP4	81121	59.94006
DM-BV-35	0	0	0.00000	0	Left_MAH03168.MP4	81061	59.94006
DM-BV-35	0	0	0.00000	0	Left_MAH03169.MP4	53190	59.94006
DM-BV-35	1	0	0.00000	0	Right_MAH00082.MP4	81062	59.94006
DM-BV-35	1	0	0.00000	0	Right_MAH00083.MP4	81121	59.94006
DM-BV-35	1	0	0.00000	0	Right_MAH00084.MP4	81061	59.94006
DM-BV-35	1	0	0.00000	0	Right_MAH00085.MP4	54210	59.94006
DM-BV-36	0	0	0.00000	0	Left_1.MP4	81062	59.94006
DM-BV-36	0	0	0.00000	0	Left_2.MP4	81061	59.94006
DM-BV-36	0	0	0.00000	0	Left_3.MP4	81121	59.94006
DM-BV-36	0	0	0.00000	0	Left_4.MP4	71970	59.94006
DM-BV-36	1	0	0.00000	0	Right_1.MP4	81062	59.94006
DM-BV-36	1	0	0.00000	0	Right_2.MP4	81061	59.94006
DM-BV-36	1	0	0.00000	0	Right_3.MP4	81121	59.94006
DM-BV-36	1	0	0.00000	0	Right_4.MP4	69690	59.94006
DM-BV-37	0	0	0.00000	0	Left_1.MP4	81062	59.94006
DM-BV-37	0	0	0.00000	0	Left_2.MP4	81061	59.94006
DM-BV-37	0	0	0.00000	0	Left_3.MP4	81121	59.94006
DM-BV-37	0	0	0.00000	0	Left_4.MP4	44370	59.94006
DM-BV-37	1	0	0.00000	0	Right_1.MP4	81062	59.94006
DM-BV-37	1	0	0.00000	0	Right_2.MP4	81061	59.94006
DM-BV-37	1	0	0.00000	0	Right_3.MP4	81061	59.94006
DM-BV-37	1	0	0.00000	0	Right_4.MP4	39540	59.94006
DM-BV-38	0	0	0.00000	0	Left_MAH00444.MP4	81062	59.94006
DM-BV-38	0	0	0.00000	0	Left_MAH00445.MP4	81061	59.94006
DM-BV-38	0	0	0.00000	0	Left_MAH00446.MP4	81061	59.94006
DM-BV-38	0	0	0.00000	0	Left_MAH00447.MP4	37710	59.94006
DM-BV-38	1	0	0.00000	0	Right_MAH00645.MP4	81062	59.94006
DM-BV-38	1	0	0.00000	0	Right_MAH00646.MP4	81061	59.94006
DM-BV-38	1	0	0.00000	0	Right_MAH00647.MP4	81061	59.94006
DM-BV-38	1	0	0.00000	0	Right_MAH00648.MP4	32970	59.94006
DM-BV-39	0	0	0.00000	0	Left_MAH00448.MP4	81062	59.94006
DM-BV-39	0	0	0.00000	0	Left_MAH00449.MP4	81061	59.94006
DM-BV-39	0	0	0.00000	0	Left_MAH00450.MP4	81061	59.94006
DM-BV-39	0	0	0.00000	0	Left_MAH00451.MP4	58050	59.94006
DM-BV-39	1	0	0.00000	0	Right_MAH00447.MP4	81062	59.94006
DM-BV-39	1	0	0.00000	0	Right_MAH00448.MP4	81061	59.94006
DM-BV-39	1	0	0.00000	0	Right_MAH00449.MP4	81061	59.94006
DM-BV-39	1	0	0.00000	0	Right_MAH00450.MP4	57780	59.94006
DM-BV-40	0	0	0.00000	0	Left_MAH00451.MP4	81062	59.94006
DM-BV-40	0	0	0.00000	0	Left_MAH00452.MP4	81061	59.94006
DM-BV-40	0	0	0.00000	0	Left_MAH00453.MP4	81061	59.94006
DM-BV-40	0	0	0.00000	0	Left_MAH00454.MP4	81060	59.94006
DM-BV-40	0	0	0.00000	0	Left_MAH00455.MP4	81001	59.94006
DM-BV-40	0	0	0.00000	0	Left_MAH00456.MP4	81000	59.94006
DM-BV-40	0	0	0.00000	0	Left_MAH00457.MP4	301	59.94006
DM-BV-40	1	0	0.00000	0	Right_MAH00458.MP4	81062	59.94006
DM-BV-40	1	0	0.00000	0	Right_MAH00459.MP4	81121	59.94006
DM-BV-40	1	0	0.00000	0	Right_MAH00460.MP4	81061	59.94006
DM-BV-40	1	0	0.00000	0	Right_MAH00461.MP4	81060	59.94006
DM-BV-40	1	0	0.00000	0	Right_MAH00462.MP4	81061	59.94006
DM-BV-40	1	0	0.00000	0	Right_MAH00463.MP4	81060	59.94006
DM-BV-40	1	0	0.00000	0	Right_MAH00464.MP4	1201	59.94006
DM-BV-41	0	0	0.00000	0	Left_MAH00443.MP4	81122	59.94006
DM-BV-41	0	0	0.00000	0	Left_MAH00444.MP4	81060	59.94006
DM-BV-41	0	0	0.00000	0	Left_MAH00445.MP4	81061	59.94006
DM-BV-41	0	0	0.00000	0	Left_MAH00446.MP4	66810	59.94006
DM-BV-41	1	0	0.00000	0	Right_MAH00449.MP4	81062	59.94006
DM-BV-41	1	0	0.00000	0	Right_MAH00450.MP4	81061	59.94006
DM-BV-41	1	0	0.00000	0	Right_MAH00451.MP4	81061	59.94006
DM-BV-41	1	0	0.00000	0	Right_MAH00452.MP4	67410	59.94006
DM-BV-42	0	0	0.00000	0	Left_MAH00439.MP4	81062	59.94006
DM-BV-42	0	0	0.00000	0	Left_MAH00440.MP4	81061	59.94006
DM-BV-42	0	0	0.00000	0	Left_MAH00441.MP4	81061	59.94006
DM-BV-42	0	0	0.00000	0	Left_MAH00442.MP4	81120	59.94006
DM-BV-42	0	0	0.00000	0	Left_MAH00443.MP4	4861	59.94006
DM-BV-42	1	0	0.00000	0	Right_MAH00640.MP4	81062	59.94006
DM-BV-42	1	0	0.00000	0	Right_MAH00641.MP4	81061	59.94006
DM-BV-42	1	0	0.00000	0	Right_MAH00642.MP4	81061	59.94006
DM-BV-42	1	0	0.00000	0	Right_MAH00643.MP4	81120	59.94006
DM-BV-42	1	0	0.00000	0	Right_MAH00644.MP4	1021	59.94006
DM-BV-43	0	0	0.00000	0	Left_MAH00475.MP4	81062	59.94006
DM-BV-43	0	0	0.00000	0	Left_MAH00476.MP4	81061	59.94006
DM-BV-43	0	0	0.00000	0	Left_MAH00477.MP4	81061	59.94006
DM-BV-43	0	0	0.00000	0	Left_MAH00478.MP4	41580	59.94006
DM-BV-43	1	0	0.00000	0	Right_MAH00982.MP4	81062	59.94006
DM-BV-43	1	0	0.00000	0	Right_MAH00983.MP4	81121	59.94006
DM-BV-43	1	0	0.00000	0	Right_MAH00984.MP4	81061	59.94006
DM-BV-43	1	0	0.00000	0	Right_MAH00985.MP4	37170	59.94006
DM-BV-44	0	0	0.00000	0	Left_MAH00471.MP4	81062	59.94006
DM-BV-44	0	0	0.00000	0	Left_MAH00472.MP4	81061	59.94006
DM-BV-44	0	0	0.00000	0	Left_MAH00473.MP4	81061	59.94006
DM-BV-44	0	0	0.00000	0	Left_MAH00474.MP4	58830	59.94006
DM-BV-44	1	0	0.00000	0	Right_MAH00978.MP4	81062	59.94006
DM-BV-44	1	0	0.00000	0	Right_MAH00979.MP4	81061	59.94006
DM-BV-44	1	0	0.00000	0	Right_MAH00980.MP4	81061	59.94006
DM-BV-44	1	0	0.00000	0	Right_MAH00981.MP4	58320	59.94006
DM-BV-45	0	0	0.00000	0	Left_MAH03162.MP4	81062	59.94006
DM-BV-45	0	0	0.00000	0	Left_MAH03163.MP4	81061	59.94006
DM-BV-45	0	0	0.00000	0	Left_MAH03164.MP4	81061	59.94006
DM-BV-45	0	0	0.00000	0	Left_MAH03165.MP4	56550	59.94006
DM-BV-45	1	0	0.00000	0	Right_MAH00078.MP4	81122	59.94006
DM-BV-45	1	0	0.00000	0	Right_MAH00079.MP4	81060	59.94006
DM-BV-45	1	0	0.00000	0	Right_MAH00080.MP4	81061	59.94006
DM-BV-45	1	0	0.00000	0	Right_MAH00081.MP4	56130	59.94006
DM-BV-46	0	0	0.00000	0	Left_MAH00330.MP4	81062	59.94006
DM-BV-46	0	0	0.00000	0	Left_MAH00331.MP4	81061	59.94006
DM-BV-46	0	0	0.00000	0	Left_MAH00332.MP4	81061	59.94006
DM-BV-46	0	0	0.00000	0	Left_MAH00333.MP4	46680	59.94006
DM-BV-46	1	0	0.00000	0	Right_MAH00494.MP4	81122	59.94006
DM-BV-46	1	0	0.00000	0	Right_MAH00495.MP4	81060	59.94006
DM-BV-46	1	0	0.00000	0	Right_MAH00496.MP4	81061	59.94006
DM-BV-46	1	0	0.00000	0	Right_MAH00497.MP4	43890	59.94006
DM-BV-47	0	0	0.00000	0	Left_MAH00435.MP4	81122	59.94006
DM-BV-47	0	0	0.00000	0	Left_MAH00436.MP4	81060	59.94006
DM-BV-47	0	0	0.00000	0	Left_MAH00437.MP4	81061	59.94006
DM-BV-47	0	0	0.00000	0	Left_MAH00438.MP4	43140	59.94006
DM-BV-47	1	0	0.00000	0	Right_MAH00636.MP4	81062	59.94006
DM-BV-47	1	0	0.00000	0	Right_MAH00637.MP4	81061	59.94006
DM-BV-47	1	0	0.00000	0	Right_MAH00638.MP4	81061	59.94006
DM-BV-47	1	0	0.00000	0	Right_MAH00639.MP4	40440	59.94006
DM-BV-48	0	0	0.00000	0	Left_MAH00364.MP4	81062	59.94006
DM-BV-48	0	0	0.00000	0	Left_MAH00365.MP4	81061	59.94006
DM-BV-48	0	0	0.00000	0	Left_MAH00366.MP4	81061	59.94006
DM-BV-48	0	0	0.00000	0	Left_MAH00367.MP4	63810	59.94006
DM-BV-48	1	0	0.00000	0	Right_MAH07784.MP4	81062	59.94006
DM-BV-48	1	0	0.00000	0	Right_MAH07785.MP4	81061	59.94006
DM-BV-48	1	0	0.00000	0	Right_MAH07786.MP4	81061	59.94006
DM-BV-48	1	0	0.00000	0	Right_MAH07787.MP4	60900	59.94006
DM-BV-49	0	0	0.00000	0	Left_MAH00360.MP4	81062	59.94006
DM-BV-49	0	0	0.00000	0	Left_MAH00361.MP4	81121	59.94006
DM-BV-49	0	0	0.00000	0	Left_MAH00362.MP4	81061	59.94006
DM-BV-49	0	0	0.00000	0	Left_MAH00363.MP4	60150	59.94006
DM-BV-49	1	0	0.00000	0	Right_MAH07780.MP4	81062	59.94006
DM-BV-49	1	0	0.00000	0	Right_MAH07781.MP4	81121	59.94006
DM-BV-49	1	0	0.00000	0	Right_MAH07782.MP4	81061	59.94006
DM-BV-49	1	0	0.00000	0	Right_MAH07783.MP4	57660	59.94006
DM-BV-50	0	0	0.00000	0	Left_MAH00467.MP4	81062	59.94006
DM-BV-50	0	0	0.00000	0	Left_MAH00468.MP4	81061	59.94006
DM-BV-50	0	0	0.00000	0	Left_MAH00469.MP4	81061	59.94006
DM-BV-50	0	0	0.00000	0	Left_MAH00470.MP4	40530	59.94006
DM-BV-50	1	0	0.00000	0	Right_MAH00974.MP4	81062	59.94006
DM-BV-50	1	0	0.00000	0	Right_MAH00975.MP4	81061	59.94006
DM-BV-50	1	0	0.00000	0	Right_MAH00976.MP4	81061	59.94006
DM-BV-50	1	0	0.00000	0	Right_MAH00977.MP4	38400	59.94006
DM-BV-51	0	0	0.00000	0	Left_MAH00490.MP4	81062	59.94006
DM-BV-51	0	0	0.00000	0	Left_MAH00491.MP4	81061	59.94006
DM-BV-51	0	0	0.00000	0	Left_MAH00492.MP4	81061	59.94006
DM-BV-51	0	0	0.00000	0	Left_MAH00493.MP4	32190	59.94006
DM-BV-51	1	0	0.00000	0	Right_MAH00326.MP4	81062	59.94006
DM-BV-51	1	0	0.00000	0	Right_MAH00327.MP4	81061	59.94006
DM-BV-51	1	0	0.00000	0	Right_MAH00328.MP4	81061	59.94006
DM-BV-51	1	0	0.00000	0	Right_MAH00329.MP4	28470	59.94006
DM-BV-52	0	0	0.00000	0	Left_MAH00447.MP4	81122	59.94006
DM-BV-52	0	0	0.00000	0	Left_MAH00448.MP4	81060	59.94006
DM-BV-52	0	0	0.00000	0	Left_MAH00449.MP4	81061	59.94006
DM-BV-52	0	0	0.00000	0	Left_MAH00450.MP4	81060	59.94006
DM-BV-52	0	0	0.00000	0	Left_MAH00451.MP4	81061	59.94006
DM-BV-52	0	0	0.00000	0	Left_MAH00452.MP4	81060	59.94006
DM-BV-52	0	0	0.00000	0	Left_MAH00453.MP4	17941	59.94006
DM-BV-52	1	0	0.00000	0	Right_MAH00453.MP4	81122	59.94006
DM-BV-52	1	0	0.00000	0	Right_MAH00454.MP4	81060	59.94006
DM-BV-52	1	0	0.00000	0	Right_MAH00455.MP4	81061	59.94006
DM-BV-52	1	0	0.00000	0	Right_MAH00456.MP4	81060	59.94006
DM-BV-52	1	0	0.00000	0	Right_MAH00457.MP4	81061	59.94006
DM-BV-52	1	0	0.00000	0	Right_MAH00458.MP4	81060	59.94006
DM-BV-52	1	0	0.00000	0	Right_MAH00459.MP4	13981	59.94006
DM-BV-53	0	0	0.00000	0	Left_MAH00334.MP4	81122	59.94006
DM-BV-53	0	0	0.00000	0	Left_MAH00335.MP4	81060	59.94006
DM-BV-53	0	0	0.00000	0	Left_MAH00336.MP4	81061	59.94006
DM-BV-53	0	0	0.00000	0	Left_MAH00337.MP4	59280	59.94006
DM-BV-53	1	0	0.00000	0	Right_MAH00498.MP4	81062	59.94006
DM-BV-53	1	0	0.00000	0	Right_MAH00499.MP4	81061	59.94006
DM-BV-53	1	0	0.00000	0	Right_MAH00500.MP4	81061	59.94006
DM-BV-53	1	0	0.00000	0	Right_MAH00501.MP4	56550	59.94006
DM-BV-54	0	0	0.00000	0	Left_1.MP4	81062	59.94006
DM-BV-54	0	0	0.00000	0	Left_2.MP4	81061	59.94006
DM-BV-54	0	0	0.00000	0	Left_3.MP4	81061	59.94006
DM-BV-54	0	0	0.00000	0	Left_4.MP4	42330	59.94006
DM-BV-54	1	0	0.00000	0	Right_1.MP4	81062	59.94006
DM-BV-54	1	0	0.00000	0	Right_2.MP4	81061	59.94006
DM-BV-54	1	0	0.00000	0	Right_3.MP4	81061	59.94006
DM-BV-54	1	0	0.00000	0	Right_4.MP4	40200	59.94006
DM-BV-55	0	0	0.00000	0	Left_MAH00452.MP4	81122	59.94006
DM-BV-55	0	0	0.00000	0	Left_MAH00453.MP4	81060	59.94006
DM-BV-55	0	0	0.00000	0	Left_MAH00454.MP4	81121	59.94006
DM-BV-55	0	0	0.00000	0	Left_MAH00455.MP4	81120	59.94006
DM-BV-55	0	0	0.00000	0	Left_MAH00456.MP4	12661	59.94006
DM-BV-55	1	0	0.00000	0	Right_MAH00451.MP4	81062	59.94006
DM-BV-55	1	0	0.00000	0	Right_MAH00452.MP4	81061	59.94006
DM-BV-55	1	0	0.00000	0	Right_MAH00453.MP4	81121	59.94006
DM-BV-55	1	0	0.00000	0	Right_MAH00454.MP4	81060	59.94006
DM-BV-55	1	0	0.00000	0	Right_MAH00455.MP4	8551	59.94006
DM-BV-56	0	0	0.00000	0	Left_MAH03158.MP4	81122	59.94006
DM-BV-56	0	0	0.00000	0	Left_MAH03159.MP4	81060	59.94006
DM-BV-56	0	0	0.00000	0	Left_MAH03160.MP4	81061	59.94006
DM-BV-56	0	0	0.00000	0	Left_MAH03161.MP4	37680	59.94006
DM-BV-56	1	0	0.00000	0	Right_MAH00074.MP4	81062	59.94006
DM-BV-56	1	0	0.00000	0	Right_MAH00075.MP4	81061	59.94006
DM-BV-56	1	0	0.00000	0	Right_MAH00076.MP4	81061	59.94006
DM-BV-56	1	0	0.00000	0	Right_MAH00077.MP4	35130	59.94006
DM-BV-57	0	0	0.00000	0	Left_1.MP4	81062	59.94006
DM-BV-57	0	0	0.00000	0	Left_2.MP4	81061	59.94006
DM-BV-57	0	0	0.00000	0	Left_3.MP4	81061	59.94006
DM-BV-57	0	0	0.00000	0	Left_4.MP4	78720	59.94006
DM-BV-57	1	0	0.00000	0	Right_1.MP4	81062	59.94006
DM-BV-57	1	0	0.00000	0	Right_2.MP4	81061	59.94006
DM-BV-57	1	0	0.00000	0	Right_3.MP4	81061	59.94006
DM-BV-57	1	0	0.00000	0	Right_4.MP4	77100	59.94006
DM-BV-58	0	0	0.00000	0	Left_MAH00393.MP4	81062	59.94006
DM-BV-58	0	0	0.00000	0	Left_MAH00394.MP4	81061	59.94006
DM-BV-58	0	0	0.00000	0	Left_MAH00395.MP4	81061	59.94006
DM-BV-58	0	0	0.00000	0	Left_MAH00396.MP4	16470	59.94006
DM-BV-58	1	0	0.00000	0	Right_MAH07813.MP4	81062	59.94006
DM-BV-58	1	0	0.00000	0	Right_MAH07814.MP4	81061	59.94006
DM-BV-58	1	0	0.00000	0	Right_MAH07815.MP4	81061	59.94006
DM-BV-58	1	0	0.00000	0	Right_MAH07816.MP4	19650	59.94006
DM-BV-59	0	0	0.00000	0	Left_1.MP4	81122	59.94006
DM-BV-59	0	0	0.00000	0	Left_2.MP4	81060	59.94006
DM-BV-59	0	0	0.00000	0	Left_3.MP4	81061	59.94006
DM-BV-59	0	0	0.00000	0	Left_4.MP4	24990	59.94006
DM-BV-59	1	0	0.00000	0	Right_1.MP4	81062	59.94006
DM-BV-59	1	0	0.00000	0	Right_2.MP4	81061	59.94006
DM-BV-59	1	0	0.00000	0	Right_3.MP4	81061	59.94006
DM-BV-59	1	0	0.00000	0	Right_4.MP4	24120	59.94006
DM-BV-60	0	0	0.00000	0	Left_MAH00363.MP4	81122	59.94006
DM-BV-60	0	0	0.00000	0	Left_MAH00364.MP4	81060	59.94006
DM-BV-60	0	0	0.00000	0	Left_MAH00365.MP4	81061	59.94006
DM-BV-60	0	0	0.00000	0	Left_MAH00366.MP4	12300	59.94006
DM-BV-60	1	0	0.00000	0	Right_MAH00527.MP4	81122	59.94006
DM-BV-60	1	0	0.00000	0	Right_MAH00528.MP4	81060	59.94006
DM-BV-60	1	0	0.00000	0	Right_MAH00529.MP4	81121	59.94006
DM-BV-60	1	0	0.00000	0	Right_MAH00530.MP4	9360	59.94006
DM-BV-61	0	0	0.00000	0	Left_MAH00358.MP4	81002	59.94006
DM-BV-61	0	0	0.00000	0	Left_MAH00359.MP4	81061	59.94006
DM-BV-61	0	0	0.00000	0	Left_MAH00360.MP4	81061	59.94006
DM-BV-61	0	0	0.00000	0	Left_MAH00361.MP4	81061	59.94006
DM-BV-61	0	0	0.00000	0	Left_MAH00362.MP4	30091	59.94006
DM-BV-61	1	0	0.00000	0	Right_MAH00522.MP4	81062	59.94006
DM-BV-61	1	0	0.00000	0	Right_MAH00523.MP4	81061	59.94006
DM-BV-61	1	0	0.00000	0	Right_MAH00524.MP4	81061	59.94006
DM-BV-61	1	0	0.00000	0	Right_MAH00525.MP4	81120	59.94006
DM-BV-61	1	0	0.00000	0	Right_MAH00526.MP4	30481	59.94006
DM-BV-62	0	0	0.00000	0	Left_MAH00500.MP4	81062	59.94006
DM-BV-62	0	0	0.00000	0	Left_MAH00501.MP4	81061	59.94006
DM-BV-62	0	0	0.00000	0	Left_MAH00502.MP4	81061	59.94006
DM-BV-62	0	0	0.00000	0	Left_MAH00503.MP4	29520	59.94006
DM-BV-62	1	0	0.00000	0	Right_MAH01007.MP4	81062	59.94006
DM-BV-62	1	0	0.00000	0	Right_MAH01008.MP4	81061	59.94006
DM-BV-62	1	0	0.00000	0	Right_MAH01009.MP4	81121	59.94006
DM-BV-62	1	0	0.00000	0	Right_MAH01010.MP4	28440	59.94006
DM-BV-63	0	0	0.00000	0	Left_1.MP4	81062	59.94006
DM-BV-63	0	0	0.00000	0	Left_2.MP4	81061	59.94006
DM-BV-63	0	0	0.00000	0	Left_3.MP4	81121	59.94006
DM-BV-63	0	0	0.00000	0	Left_4.MP4	30450	59.94006
DM-BV-63	1	0	0.00000	0	Right_1.MP4	81062	59.94006
DM-BV-63	1	0	0.00000	0	Right_2.MP4	81061	59.94006
DM-BV-63	1	0	0.00000	0	Right_3.MP4	81061	59.94006
DM-BV-63	1	0	0.00000	0	Right_4.MP4	29370	59.94006
DM-BV-64	0	0	0.00000	0	Left_MAH03186.MP4	81062	59.94006
DM-BV-64	0	0	0.00000	0	Left_MAH03187.MP4	81061	59.94006
DM-BV-64	0	0	0.00000	0	Left_MAH03188.MP4	81121	59.94006
DM-BV-64	0	0	0.00000	0	Left_MAH03189.MP4	81060	59.94006
DM-BV-64	1	0	0.00000	0	Right_MAH00102.MP4	81062	59.94006
DM-BV-64	1	0	0.00000	0	Right_MAH00103.MP4	81061	59.94006
DM-BV-64	1	0	0.00000	0	Right_MAH00104.MP4	81121	59.94006
DM-BV-64	1	0	0.00000	0	Right_MAH00105.MP4	81060	59.94006
DM-BV-65	0	0	0.00000	0	Left_1.MP4	81062	59.94006
DM-BV-65	0	0	0.00000	0	Left_2.MP4	81061	59.94006
DM-BV-65	0	0	0.00000	0	Left_3.MP4	81061	59.94006
DM-BV-65	0	0	0.00000	0	Left_4.MP4	18150	59.94006
DM-BV-65	1	0	0.00000	0	Right_1.MP4	81062	59.94006
DM-BV-65	1	0	0.00000	0	Right_2.MP4	81061	59.94006
DM-BV-65	1	0	0.00000	0	Right_3.MP4	81061	59.94006
DM-BV-65	1	0	0.00000	0	Right_4.MP4	17400	59.94006
DM-BV-68	0	0	0.00000	0	Left_MAH00388.MP4	81062	59.94006
DM-BV-68	0	0	0.00000	0	Left_MAH00389.MP4	81061	59.94006
DM-BV-68	0	0	0.00000	0	Left_MAH00390.MP4	81061	59.94006
DM-BV-68	0	0	0.00000	0	Left_MAH00391.MP4	81060	59.94006
DM-BV-68	0	0	0.00000	0	Left_MAH00392.MP4	23671	59.94006
DM-BV-68	1	0	0.00000	0	Right_MAH07808.MP4	81062	59.94006
DM-BV-68	1	0	0.00000	0	Right_MAH07809.MP4	81061	59.94006
DM-BV-68	1	0	0.00000	0	Right_MAH07810.MP4	81061	59.94006
DM-BV-68	1	0	0.00000	0	Right_MAH07811.MP4	81060	59.94006
DM-BV-68	1	0	0.00000	0	Right_MAH07812.MP4	24181	59.94006
DM-BV-69	0	0	0.00000	0	Left_1.MP4	81062	59.94006
DM-BV-69	0	0	0.00000	0	Left_2.MP4	81061	59.94006
DM-BV-69	0	0	0.00000	0	Left_3.MP4	81061	59.94006
DM-BV-69	0	0	0.00000	0	Left_4.MP4	20010	59.94006
DM-BV-69	1	0	0.00000	0	Right_1.MP4	81062	59.94006
DM-BV-69	1	0	0.00000	0	Right_2.MP4	81061	59.94006
DM-BV-69	1	0	0.00000	0	Right_3.MP4	81061	59.94006
DM-BV-69	1	0	0.00000	0	Right_4.MP4	18780	59.94006
DM-BV-70	0	0	0.00000	0	Left_1.MP4	81062	59.94006
DM-BV-70	0	0	0.00000	0	Left_2.MP4	81061	59.94006
DM-BV-70	0	0	0.00000	0	Left_3.MP4	81121	59.94006
DM-BV-70	0	0	0.00000	0	Left_4.MP4	30450	59.94006
DM-BV-70	1	0	0.00000	0	Right_1.MP4	81062	59.94006
DM-BV-70	1	0	0.00000	0	Right_2.MP4	81061	59.94006
DM-BV-70	1	0	0.00000	0	Right_3.MP4	81061	59.94006
DM-BV-70	1	0	0.00000	0	Right_4.MP4	29370	59.94006
DM-BV-71	0	0	0.00000	0	Left_MAH03191.MP4	81062	59.94006
DM-BV-71	0	0	0.00000	0	Left_MAH03192.MP4	81121	59.94006
DM-BV-71	0	0	0.00000	0	Left_MAH03193.MP4	81061	59.94006
DM-BV-71	0	0	0.00000	0	Left_MAH03194.MP4	19860	59.94006
DM-BV-71	1	0	0.00000	0	Right_MAH00107.MP4	81122	59.94006
DM-BV-71	1	0	0.00000	0	Right_MAH00108.MP4	81060	59.94006
DM-BV-71	1	0	0.00000	0	Right_MAH00109.MP4	81061	59.94006
DM-BV-71	1	0	0.00000	0	Right_MAH00110.MP4	18540	59.94006
DM-BV-72	0	0	0.00000	0	Left_1.MP4	81122	59.94006
DM-BV-72	0	0	0.00000	0	Left_2.MP4	81060	59.94006
DM-BV-72	0	0	0.00000	0	Left_3.MP4	81061	59.94006
DM-BV-72	0	0	0.00000	0	Left_4.MP4	36090	59.94006
DM-BV-72	1	0	0.00000	0	Right_1.MP4	81122	59.94006
DM-BV-72	1	0	0.00000	0	Right_2.MP4	81060	59.94006
DM-BV-72	1	0	0.00000	0	Right_3.MP4	81061	59.94006
DM-BV-72	1	0	0.00000	0	Right_4.MP4	36270	59.94006
DM-BV-73	0	0	0.00000	0	Left_1.MP4	81062	59.94006
DM-BV-73	0	0	0.00000	0	Left_2.MP4	81061	59.94006
DM-BV-73	0	0	0.00000	0	Left_3.MP4	81061	59.94006
DM-BV-73	0	0	0.00000	0	Left_4.MP4	16950	59.94006
DM-BV-73	1	0	0.00000	0	Right_1.MP4	81062	59.94006
DM-BV-73	1	0	0.00000	0	Right_2.MP4	81061	59.94006
DM-BV-73	1	0	0.00000	0	Right_3.MP4	81061	59.94006
DM-BV-73	1	0	0.00000	0	Right_4.MP4	13830	59.94006
DM-BV-74	0	0	0.00000	0	Left_1.MP4	81122	59.94006
DM-BV-74	0	0	0.00000	0	Left_2.MP4	81060	59.94006
DM-BV-74	0	0	0.00000	0	Left_3.MP4	81061	59.94006
DM-BV-74	0	0	0.00000	0	Left_4.MP4	30120	59.94006
DM-BV-74	1	0	0.00000	0	Right_1.MP4	81122	59.94006
DM-BV-74	1	0	0.00000	0	Right_2.MP4	81060	59.94006
DM-BV-74	1	0	0.00000	0	Right_3.MP4	81061	59.94006
DM-BV-74	1	0	0.00000	0	Right_4.MP4	29940	59.94006
DM-BV-76	0	0	0.00000	0	Left_MAH00495.MP4	81122	59.94006
DM-BV-76	0	0	0.00000	0	Left_MAH00496.MP4	81060	59.94006
DM-BV-76	0	0	0.00000	0	Left_MAH00497.MP4	81061	59.94006
DM-BV-76	0	0	0.00000	0	Left_MAH00498.MP4	81060	59.94006
DM-BV-76	0	0	0.00000	0	Left_MAH00499.MP4	12871	59.94006
DM-BV-76	1	0	0.00000	0	Right_MAH01002.MP4	81062	59.94006
DM-BV-76	1	0	0.00000	0	Right_MAH01003.MP4	81061	59.94006
DM-BV-76	1	0	0.00000	0	Right_MAH01004.MP4	81061	59.94006
DM-BV-76	1	0	0.00000	0	Right_MAH01005.MP4	81060	59.94006
DM-BV-76	1	0	0.00000	0	Right_MAH01006.MP4	13591	59.94006
DM-BV-77	0	0	0.00000	0	Left_1.MP4	81062	59.94006
DM-BV-77	0	0	0.00000	0	Left_2.MP4	81061	59.94006
DM-BV-77	0	0	0.00000	0	Left_3.MP4	81061	59.94006
DM-BV-77	0	0	0.00000	0	Left_4.MP4	56370	59.94006
DM-BV-77	1	0	0.00000	0	Right_1.MP4	81122	59.94006
DM-BV-77	1	0	0.00000	0	Right_2.MP4	81060	59.94006
DM-BV-77	1	0	0.00000	0	Right_3.MP4	81061	59.94006
DM-BV-77	1	0	0.00000	0	Right_4.MP4	57450	59.94006
DM-BV-78	0	0	0.00000	0	Left_1.MP4	81002	59.94006
DM-BV-78	0	0	0.00000	0	Left_2.MP4	81061	59.94006
DM-BV-78	0	0	0.00000	0	Left_3.MP4	81061	59.94006
DM-BV-78	0	0	0.00000	0	Left_4.MP4	59821	59.94006
DM-BV-78	1	0	0.00000	0	Right_1.MP4	81062	59.94006
DM-BV-78	1	0	0.00000	0	Right_2.MP4	81061	59.94006
DM-BV-78	1	0	0.00000	0	Right_3.MP4	81061	59.94006
DM-BV-78	1	0	0.00000	0	Right_4.MP4	59580	59.94006
DM-BV-79	0	0	0.00000	0	Left_MAH00483.MP4	81122	59.94006
DM-BV-79	0	0	0.00000	0	Left_MAH00484.MP4	81060	59.94006
DM-BV-79	0	0	0.00000	0	Left_MAH00485.MP4	81061	59.94006
DM-BV-79	0	0	0.00000	0	Left_MAH00486.MP4	67050	59.94006
DM-BV-79	1	0	0.00000	0	Right_MAH00490.MP4	81122	59.94006
DM-BV-79	1	0	0.00000	0	Right_MAH00491.MP4	81060	59.94006
DM-BV-79	1	0	0.00000	0	Right_MAH00492.MP4	81061	59.94006
DM-BV-79	1	0	0.00000	0	Right_MAH00493.MP4	64470	59.94006
DM-BV-80	0	0	0.00000	0	Right_MAH00480.MP4	81122	59.94006
DM-BV-80	0	0	0.00000	0	Right_MAH00481.MP4	81060	59.94006
DM-BV-80	0	0	0.00000	0	Right_MAH00482.MP4	81061	59.94006
DM-BV-80	0	0	0.00000	0	Right_MAH00483.MP4	70380	59.94006
DM-BV-80	0	0	0.00000	0	Right_MAH00484.MP4	422	59.94006
DM-BV-81	0	0	0.00000	0	Left_1.MP4	81062	59.94006
DM-BV-81	0	0	0.00000	0	Left_2.MP4	81061	59.94006
DM-BV-81	0	0	0.00000	0	Left_3.MP4	81121	59.94006
DM-BV-81	0	0	0.00000	0	Left_4.MP4	57390	59.94006
DM-BV-81	1	0	0.00000	0	Right_1.MP4	81002	59.94006
DM-BV-81	1	0	0.00000	0	Right_2.MP4	81061	59.94006
DM-BV-81	1	0	0.00000	0	Right_3.MP4	81061	59.94006
DM-BV-81	1	0	0.00000	0	Right_4.MP4	57181	59.94006
DM-BV-82	0	0	0.00000	0	Left_1.MP4	81062	59.94006
DM-BV-82	0	0	0.00000	0	Left_2.MP4	81061	59.94006
DM-BV-82	0	0	0.00000	0	Left_3.MP4	81061	59.94006
DM-BV-82	0	0	0.00000	0	Left_4.MP4	45120	59.94006
DM-BV-82	1	0	0.00000	0	Right_1.MP4	81062	59.94006
DM-BV-82	1	0	0.00000	0	Right_2.MP4	81061	59.94006
DM-BV-82	1	0	0.00000	0	Right_3.MP4	81061	59.94006
DM-BV-82	1	0	0.00000	0	Right_4.MP4	41910	59.94006
DM-BV-83	0	0	0.00000	0	Left_MAH00478.MP4	81062	59.94006
DM-BV-83	0	0	0.00000	0	Left_MAH00479.MP4	81061	59.94006
DM-BV-83	0	0	0.00000	0	Left_MAH00480.MP4	81061	59.94006
DM-BV-83	0	0	0.00000	0	Left_MAH00481.MP4	75360	59.94006
DM-BV-83	1	0	0.00000	0	Right_MAH00477.MP4	81062	59.94006
DM-BV-83	1	0	0.00000	0	Right_MAH00478.MP4	81061	59.94006
DM-BV-83	1	0	0.00000	0	Right_MAH00479.MP4	81121	59.94006
DM-BV-83	1	0	0.00000	0	Right_MAH00480.MP4	76290	59.94006
DM-BV-84	0	0	0.00000	0	Left_1.MP4	81062	59.94006
DM-BV-84	0	0	0.00000	0	Left_2.MP4	81061	59.94006
DM-BV-84	0	0	0.00000	0	Left_3.MP4	81061	59.94006
DM-BV-84	0	0	0.00000	0	Left_4.MP4	74070	59.94006
DM-BV-84	1	0	0.00000	0	Right_1.MP4	81122	59.94006
DM-BV-84	1	0	0.00000	0	Right_2.MP4	81060	59.94006
DM-BV-84	1	0	0.00000	0	Right_3.MP4	81061	59.94006
DM-BV-84	1	0	0.00000	0	Right_4.MP4	72630	59.94006
DM-BV-85	0	0	0.00000	0	Left_1.MP4	81002	59.94006
DM-BV-85	0	0	0.00000	0	Left_2.MP4	81061	59.94006
DM-BV-85	0	0	0.00000	0	Left_3.MP4	81061	59.94006
DM-BV-85	0	0	0.00000	0	Left_4.MP4	81061	59.94006
DM-BV-85	0	0	0.00000	0	Left_5.MP4	19771	59.94006
DM-BV-85	1	0	0.00000	0	Right_1.MP4	81002	59.94006
DM-BV-85	1	0	0.00000	0	Right_2.MP4	81061	59.94006
DM-BV-85	1	0	0.00000	0	Right_3.MP4	81061	59.94006
DM-BV-85	1	0	0.00000	0	Right_4.MP4	81121	59.94006
DM-BV-85	1	0	0.00000	0	Right_5.MP4	17311	59.94006
DM-BV-86	0	0	0.00000	0	Left_1.MP4	81062	59.94006
DM-BV-86	0	0	0.00000	0	Left_2.MP4	81061	59.94006
DM-BV-86	0	0	0.00000	0	Left_3.MP4	81061	59.94006
DM-BV-86	0	0	0.00000	0	Left_4.MP4	65400	59.94006
DM-BV-86	1	0	0.00000	0	Right_1.MP4	81062	59.94006
DM-BV-86	1	0	0.00000	0	Right_2.MP4	81061	59.94006
DM-BV-86	1	0	0.00000	0	Right_3.MP4	81061	59.94006
DM-BV-86	1	0	0.00000	0	Right_4.MP4	65430	59.94006
DM-BV-87	0	0	0.00000	0	Left_1.MP4	81062	59.94006
DM-BV-87	0	0	0.00000	0	Left_2.MP4	81061	59.94006
DM-BV-87	0	0	0.00000	0	Left_3.MP4	81121	59.94006
DM-BV-87	0	0	0.00000	0	Left_4.MP4	59790	59.94006
DM-BV-87	1	0	0.00000	0	Right_1.MP4	81062	59.94006
DM-BV-87	1	0	0.00000	0	Right_2.MP4	81061	59.94006
DM-BV-87	1	0	0.00000	0	Right_3.MP4	81061	59.94006
DM-BV-87	1	0	0.00000	0	Right_4.MP4	59430	59.94006
DM-BV-88	0	0	0.00000	0	Left_1.MP4	81062	59.94006
DM-BV-88	0	0	0.00000	0	Left_2.MP4	81061	59.94006
DM-BV-88	0	0	0.00000	0	Left_3.MP4	81061	59.94006
DM-BV-88	0	0	0.00000	0	Left_4.MP4	69060	59.94006
DM-BV-88	1	0	0.00000	0	Right_1.MP4	81062	59.94006
DM-BV-88	1	0	0.00000	0	Right_2.MP4	81061	59.94006
DM-BV-88	1	0	0.00000	0	Right_3.MP4	81061	59.94006
DM-BV-88	1	0	0.00000	0	Right_4.MP4	67890	59.94006
DM-BV-89	0	0	0.00000	0	Left_1.MP4	81002	59.94006
DM-BV-89	0	0	0.00000	0	Left_2.MP4	81061	59.94006
DM-BV-89	0	0	0.00000	0	Left_3.MP4	81061	59.94006
DM-BV-89	0	0	0.00000	0	Left_4.MP4	81121	59.94006
DM-BV-89	0	0	0.00000	0	Left_5.MP4	7111	59.94006
DM-BV-89	1	0	0.00000	0	Right_1.MP4	81002	59.94006
DM-BV-89	1	0	0.00000	0	Right_2.MP4	81061	59.94006
DM-BV-89	1	0	0.00000	0	Right_3.MP4	81061	59.94006
DM-BV-89	1	0	0.00000	0	Right_4.MP4	81121	59.94006
DM-BV-89	1	0	0.00000	0	Right_5.MP4	4561	59.94006
DM-BV-90	0	0	0.00000	0	Left_1.MP4	80942	59.94006
DM-BV-90	0	0	0.00000	0	Left_2.MP4	81061	59.94006
DM-BV-90	0	0	0.00000	0	Left_3.MP4	81060	59.94006
DM-BV-90	0	0	0.00000	0	Left_4.MP4	77251	59.94006
DM-BV-90	1	0	0.00000	0	Right_1.MP4	80942	59.94006
DM-BV-90	1	0	0.00000	0	Right_2.MP4	81121	59.94006
DM-BV-90	1	0	0.00000	0	Right_3.MP4	81061	59.94006
DM-BV-90	1	0	0.00000	0	Right_4.MP4	72271	59.94006
DM-BV-91	0	0	0.00000	0	Left_1.MP4	81062	59.94006
DM-BV-91	0	0	0.00000	0	Left_2.MP4	81061	59.94006
DM-BV-91	0	0	0.00000	0	Left_3.MP4	81121	59.94006
DM-BV-91	0	0	0.00000	0	Left_4.MP4	60150	59.94006
DM-BV-91	1	0	0.00000	0	Right_1.MP4	81062	59.94006
DM-BV-91	1	0	0.00000	0	Right_2.MP4	81061	59.94006
DM-BV-91	1	0	0.00000	0	Right_3.MP4	81061	59.94006
DM-BV-91	1	0	0.00000	0	Right_4.MP4	59670	59.94006
DM-BV-92	0	0	0.00000	0	Left_1.MP4	81062	59.94006
DM-BV-92	0	0	0.00000	0	Left_2.MP4	81061	59.94006
DM-BV-92	0	0	0.00000	0	Left_3.MP4	81121	59.94006
DM-BV-92	0	0	0.00000	0	Left_4.MP4	31950	59.94006
DM-BV-92	1	0	0.00000	0	Right_1.MP4	81062	59.94006
DM-BV-92	1	0	0.00000	0	Right_2.MP4	81061	59.94006
DM-BV-92	1	0	0.00000	0	Right_3.MP4	81121	59.94006
DM-BV-92	1	0	0.00000	0	Right_4.MP4	31470	59.94006
DM-BV-93	0	0	0.00000	0	Left_MAH00465.MP4	81122	59.94006
DM-BV-93	0	0	0.00000	0	Left_MAH00466.MP4	81060	59.94006
DM-BV-93	0	0	0.00000	0	Left_MAH00467.MP4	81121	59.94006
DM-BV-93	0	0	0.00000	0	Left_MAH00468.MP4	81060	59.94006
DM-BV-93	0	0	0.00000	0	Left_MAH00469.MP4	39481	59.94006
DM-BV-93	1	0	0.00000	0	Right_MAH00666.MP4	81062	59.94006
DM-BV-93	1	0	0.00000	0	Right_MAH00667.MP4	81121	59.94006
DM-BV-93	1	0	0.00000	0	Right_MAH00668.MP4	81061	59.94006
DM-BV-93	1	0	0.00000	0	Right_MAH00669.MP4	81120	59.94006
DM-BV-93	1	0	0.00000	0	Right_MAH00670.MP4	40411	59.94006
DM-BV-95	0	0	0.00000	0	Left_1.MP4	81002	59.94006
DM-BV-95	0	0	0.00000	0	Left_2.MP4	81061	59.94006
DM-BV-95	0	0	0.00000	0	Left_3.MP4	81061	59.94006
DM-BV-95	0	0	0.00000	0	Left_4.MP4	67291	59.94006
DM-BV-95	1	0	0.00000	0	Right_1.MP4	81062	59.94006
DM-BV-95	1	0	0.00000	0	Right_2.MP4	81061	59.94006
DM-BV-95	1	0	0.00000	0	Right_3.MP4	81061	59.94006
DM-BV-95	1	0	0.00000	0	Right_4.MP4	66630	59.94006
DM-BV-96	0	0	0.00000	0	Left_1.MP4	81062	59.94006
DM-BV-96	0	0	0.00000	0	Left_2.MP4	81061	59.94006
DM-BV-96	0	0	0.00000	0	Left_3.MP4	81061	59.94006
DM-BV-96	0	0	0.00000	0	Left_4.MP4	63270	59.94006
DM-BV-96	1	0	0.00000	0	Right_1.MP4	81062	59.94006
DM-BV-96	1	0	0.00000	0	Right_2.MP4	81061	59.94006
DM-BV-96	1	0	0.00000	0	Right_3.MP4	81121	59.94006
DM-BV-96	1	0	0.00000	0	Right_4.MP4	66180	59.94006
DM-BV-97	0	0	0.00000	0	Left_1.MP4	81062	59.94006
DM-BV-97	0	0	0.00000	0	Left_2.MP4	81061	59.94006
DM-BV-97	0	0	0.00000	0	Left_3.MP4	81061	59.94006
DM-BV-97	0	0	0.00000	0	Left_4.MP4	44370	59.94006
DM-BV-97	1	0	0.00000	0	Right_1.MP4	81122	59.94006
DM-BV-97	1	0	0.00000	0	Right_2.MP4	81060	59.94006
DM-BV-97	1	0	0.00000	0	Right_3.MP4	81061	59.94006
DM-BV-97	1	0	0.00000	0	Right_4.MP4	42600	59.94006
DM-BV-C1	0	0	0.00000	0	Left_1.MP4	81122	59.94006
DM-BV-C1	0	0	0.00000	0	Left_2.MP4	81060	59.94006
DM-BV-C1	0	0	0.00000	0	Left_3.MP4	81061	59.94006
DM-BV-C1	0	0	0.00000	0	Left_4.MP4	67590	59.94006
DM-BV-C1	1	0	0.00000	0	Right_1.MP4	81122	59.94006
DM-BV-C1	1	0	0.00000	0	Right_2.MP4	81060	59.94006
DM-BV-C1	1	0	0.00000	0	Right_3.MP4	81061	59.94006
DM-BV-C1	1	0	0.00000	0	Right_4.MP4	61980	59.94006
DM-BV-C2	0	0	0.00000	0	Left_MAH00470.MP4	81062	59.94006
DM-BV-C2	0	0	0.00000	0	Left_MAH00471.MP4	81061	59.94006
DM-BV-C2	0	0	0.00000	0	Left_MAH00472.MP4	81121	59.94006
DM-BV-C2	0	0	0.00000	0	Left_MAH00473.MP4	32160	59.94006
DM-BV-C2	1	0	0.00000	0	Right_MAH00671.MP4	81122	59.94006
DM-BV-C2	1	0	0.00000	0	Right_MAH00672.MP4	81060	59.94006
DM-BV-C2	1	0	0.00000	0	Right_MAH00673.MP4	81121	59.94006
DM-BV-C2	1	0	0.00000	0	Right_MAH00674.MP4	29310	59.94006
DM-BV-C3	0	0	0.00000	0	Left_MAH00482.MP4	81062	59.94006
DM-BV-C3	0	0	0.00000	0	Left_MAH00483.MP4	81061	59.94006
DM-BV-C3	0	0	0.00000	0	Left_MAH00484.MP4	81121	59.94006
DM-BV-C3	0	0	0.00000	0	Left_MAH00485.MP4	27240	59.94006
DM-BV-C3	1	0	0.00000	0	Right_MAH00481.MP4	81122	59.94006
DM-BV-C3	1	0	0.00000	0	Right_MAH00482.MP4	81060	59.94006
DM-BV-C3	1	0	0.00000	0	Right_MAH00483.MP4	81061	59.94006
DM-BV-C3	1	0	0.00000	0	Right_MAH00484.MP4	10920	59.94006
DM-BV-C4	0	0	0.00000	0	Left_MAH00475.MP4	81062	59.94006
DM-BV-C4	0	0	0.00000	0	Left_MAH00476.MP4	81061	59.94006
DM-BV-C4	0	0	0.00000	0	Left_MAH00477.MP4	81121	59.94006
DM-BV-C4	0	0	0.00000	0	Left_MAH00478.MP4	46530	59.94006
DM-BV-C4	1	0	0.00000	0	Right_MAH00485.MP4	81122	59.94006
DM-BV-C4	1	0	0.00000	0	Right_MAH00486.MP4	81060	59.94006
DM-BV-C4	1	0	0.00000	0	Right_MAH00487.MP4	81121	59.94006
DM-BV-C4	1	0	0.00000	0	Right_MAH00488.MP4	46470	59.94006
DM-BV-C5	0	0	0.00000	0	Left_MAH00487.MP4	81122	59.94006
DM-BV-C5	0	0	0.00000	0	Left_MAH00488.MP4	81060	59.94006
DM-BV-C5	0	0	0.00000	0	Left_MAH00489.MP4	81061	59.94006
DM-BV-C5	0	0	0.00000	0	Left_MAH00490.MP4	24960	59.94006
DM-BV-C5	1	0	0.00000	0	Right_MAH00494.MP4	81122	59.94006
DM-BV-C5	1	0	0.00000	0	Right_MAH00495.MP4	81060	59.94006
DM-BV-C5	1	0	0.00000	0	Right_MAH00496.MP4	81061	59.94006
DM-BV-C5	1	0	0.00000	0	Right_MAH00497.MP4	21960	59.94006
DM-BV-C6	0	0	0.00000	0	Left_MAH00367.MP4	81062	59.94006
DM-BV-C6	0	0	0.00000	0	Left_MAH00368.MP4	81121	59.94006
DM-BV-C6	0	0	0.00000	0	Left_MAH00369.MP4	81061	59.94006
DM-BV-C6	0	0	0.00000	0	Left_MAH00370.MP4	63450	59.94006
DM-BV-C6	1	0	0.00000	0	Right_MAH00531.MP4	81062	59.94006
DM-BV-C6	1	0	0.00000	0	Right_MAH00532.MP4	81061	59.94006
DM-BV-C6	1	0	0.00000	0	Right_MAH00533.MP4	81061	59.94006
DM-BV-C6	1	0	0.00000	0	Right_MAH00534.MP4	61620	59.94006
DM-BV-C7	0	0	0.00000	0	Left_MAH00397.MP4	81062	59.94006
DM-BV-C7	0	0	0.00000	0	Left_MAH00398.MP4	81061	59.94006
DM-BV-C7	0	0	0.00000	0	Left_MAH00399.MP4	81061	59.94006
DM-BV-C7	0	0	0.00000	0	Left_MAH00400.MP4	53610	59.94006
DM-BV-C7	1	0	0.00000	0	Right_MAH07817.MP4	81062	59.94006
DM-BV-C7	1	0	0.00000	0	Right_MAH07818.MP4	81061	59.94006
DM-BV-C7	1	0	0.00000	0	Right_MAH07819.MP4	81061	59.94006
DM-BV-C7	1	0	0.00000	0	Right_MAH07820.MP4	52320	59.94006
DM-BV-C8	0	0	0.00000	0	Left_MAH03195.MP4	81062	59.94006
DM-BV-C8	0	0	0.00000	0	Left_MAH03196.MP4	81061	59.94006
DM-BV-C8	0	0	0.00000	0	Left_MAH03197.MP4	81061	59.94006
DM-BV-C8	0	0	0.00000	0	Left_MAH03198.MP4	41760	59.94006
DM-BV-C8	1	0	0.00000	0	MAH00111.MP4	81062	59.94006
DM-BV-C8	1	0	0.00000	0	MAH00112.MP4	81061	59.94006
DM-BV-C8	1	0	0.00000	0	MAH00113.MP4	81061	59.94006
DM-BV-C8	1	0	0.00000	0	MAH00114.MP4	42570	59.94006
DM-BV-C9	0	0	0.00000	0	Left_MAH00504.MP4	81062	59.94006
DM-BV-C9	0	0	0.00000	0	Left_MAH00505.MP4	81061	59.94006
DM-BV-C9	0	0	0.00000	0	Left_MAH00506.MP4	81061	59.94006
DM-BV-C9	0	0	0.00000	0	Left_MAH00507.MP4	49050	59.94006
DM-BV-C9	1	0	0.00000	0	Right_MAH01011.MP4	81062	59.94006
DM-BV-C9	1	0	0.00000	0	Right_MAH01012.MP4	81061	59.94006
DM-BV-C9	1	0	0.00000	0	Right_MAH01013.MP4	81061	59.94006
DM-BV-C9	1	0	0.00000	0	Right_MAH01014.MP4	32910	59.94006
DM-BV-P1	0	0	0.00000	0	Left_MAH00474.MP4	81062	59.94006
DM-BV-P1	0	0	0.00000	0	Left_MAH00475.MP4	81061	59.94006
DM-BV-P1	0	0	0.00000	0	Left_MAH00476.MP4	81061	59.94006
DM-BV-P1	0	0	0.00000	0	Left_MAH00477.MP4	81060	59.94006
DM-BV-P1	0	0	0.00000	0	Left_MAH00478.MP4	59701	59.94006
DM-BV-P1	1	0	0.00000	0	Right_MAH00675.MP4	81062	59.94006
DM-BV-P1	1	0	0.00000	0	Right_MAH00676.MP4	81061	59.94006
DM-BV-P1	1	0	0.00000	0	Right_MAH00677.MP4	81061	59.94006
DM-BV-P1	1	0	0.00000	0	Right_MAH00678.MP4	81060	59.94006
DM-BV-P1	1	0	0.00000	0	Right_MAH00679.MP4	57991	59.94006
DM-BV-P2	0	0	0.00000	0	Left_MAH00486.MP4	81002	59.94006
DM-BV-P2	0	0	0.00000	0	Left_MAH00487.MP4	81061	59.94006
DM-BV-P2	0	0	0.00000	0	Left_MAH00488.MP4	81061	59.94006
DM-BV-P2	0	0	0.00000	0	Left_MAH00489.MP4	24691	59.94006
DM-BV-P2	1	0	0.00000	0	Right_MAH00485.MP4	81062	59.94006
DM-BV-P2	1	0	0.00000	0	Right_MAH00486.MP4	81061	59.94006
DM-BV-P2	1	0	0.00000	0	Right_MAH00487.MP4	81061	59.94006
DM-BV-P2	1	0	0.00000	0	Right_MAH00488.MP4	22200	59.94006
DM-BV-P3	0	0	0.00000	0	Left_MAH00479.MP4	81062	59.94006
DM-BV-P3	0	0	0.00000	0	Left_MAH00480.MP4	81061	59.94006
DM-BV-P3	0	0	0.00000	0	Left_MAH00481.MP4	81061	59.94006
DM-BV-P3	0	0	0.00000	0	Left_MAH00482.MP4	29310	59.94006
DM-BV-P3	1	0	0.00000	0	Right_MAH00489.MP4	81062	59.94006
DM-BV-P3	1	0	0.00000	0	Right_MAH00490.MP4	81061	59.94006
DM-BV-P3	1	0	0.00000	0	Right_MAH00491.MP4	81061	59.94006
DM-BV-P3	1	0	0.00000	0	Right_MAH00492.MP4	27900	59.94006
DM-BV-P4	0	0	0.00000	0	Left_MAH00491.MP4	81122	59.94006
DM-BV-P4	0	0	0.00000	0	Left_MAH00492.MP4	81060	59.94006
DM-BV-P4	0	0	0.00000	0	Left_MAH00493.MP4	81061	59.94006
DM-BV-P4	0	0	0.00000	0	Left_MAH00494.MP4	38970	59.94006
DM-BV-P4	1	0	0.00000	0	Right_MAH00498.MP4	81122	59.94006
DM-BV-P4	1	0	0.00000	0	Right_MAH00499.MP4	81060	59.94006
DM-BV-P4	1	0	0.00000	0	Right_MAH00500.MP4	81121	59.94006
DM-BV-P4	1	0	0.00000	0	Right_MAH00501.MP4	37470	59.94006
