OpCode	ImagePtPair	FilenameLeft	FrameLeft	FilenameRight	FrameRight	Time	Period	PeriodTime	Length	Precision	RMS	Range	Direction	HorzDir	VertDir	MidX	MidY	MidZ	Family	Genus	Species	Code	Number	Stage	Activity	Comment	Attribute9	Attribute10
1.02	0	1.02_L369.avi	20663	1.02_R370.avi	20769	13.77533	1	2.73867	61.5469	1.19976	1.8374	1747.55284	8.95182	10.98706	17.86692	144.78663	-230.17514	-1726.26683	Microdesmidae	Gunnellichthys	monostigma	37435004	1	AD	Passing			
1.02	1	1.02_L369.avi	30682	1.02_R370.avi	30788	20.45467	1	9.418	407.51415	2.27288	3.42892	2873.11773	6.52159	5.60254	0.21799	-324.93457	-30.05486	-2854.52618	Synodontidae	Saurida	undosquamis	37118001	1	AD	Passing			
1.02	3	1.02_L369.avi	51970	1.02_R370.avi	52076	34.64667	1	23.61	392.78384	2.77043	2.67325	2076.28049	16.11915	23.79237	3.03511	-568.17237	97.3367	-1994.65445	Lethrinidae	Gymnocranius	grandoculis	37351005	1	AD	Passing			
1.02	4	1.02_L369.avi	52066	1.02_R370.avi	52172	34.71067	1	23.674	350.85673	1.86136	1.03686	2134.89692	14.20424	6.52324	5.30692	514.45638	98.80794	-2069.62714	Lethrinidae	Gymnocranius	grandoculis	37351005	1	AD	Passing			
1.02	5	1.02_L369.avi	63905	1.02_R370.avi	64011	42.60333	1	31.56667	408.34856	1.58605	0.15269	1926.36764	10.21822	10.13738	4.63049	338.71786	-45.2963	-1895.81401	Carangidae	Carangoides	chrysophrys	37337011	1	AD	Passing			
1.02	6	1.02_L369.avi	63934	1.02_R370.avi	64040	42.62267	1	31.586	362.28865	2.00731	2.38778	1896.98773	8.40763	19.59148	10.31988	-234.67494	147.85279	-1876.60056	Carangidae	Carangoides	chrysophrys	37337011	1	AD	Passing			
1.02	7	1.02_L369.avi	76638	1.02_R370.avi	76744	51.092	1	40.05533	201.79458	8.34969	3.31594	3893.19901	18.02719	19.69666	7.29145	-1203.92749	46.40634	-3702.08098	Sparidae	Argyrops	spinifer	37353006	1	AD	Passing			
1.02	8	1.02_L369.avi	76659	1.02_R370.avi	76765	51.106	1	40.06933	283.4247	0.931	5.1607	1640.8325	5.73885	3.38323	9.55021	-151.36626	-63.31337	-1632.60864	Sparidae	Argyrops	spinifer	37353006	1	AD	Passing			
1.02	10	1.02_L369.avi	76908	1.02_R370.avi	77014	51.272	1	40.23533	280.95295	0.96022	4.42858	1355.79571	3.29805	14.64328	13.86866	-71.53711	-31.08539	-1353.5502	Sparidae	Argyrops	spinifer	37353006	1	AD	Passing			
1.02	11	1.02_L369.avi	76996	1.02_R370.avi	77102	51.33067	1	40.294	303.78851	0.93198	3.57867	1047.88938	6.74844	29.28593	9.51299	-115.06376	43.85507	-1040.62924	Sparidae	Argyrops	spinifer	37353006	1	AD	Passing			
1.02	12	1.02_L369.avi	77005	1.02_R370.avi	77111	51.33667	1	40.3	281.54962	2.11373	2.11683	1755.08689	7.89701	25.14866	4.87775	231.54285	67.3395	-1738.44278	Sparidae	Argyrops	spinifer	37353006	1	AD	Passing			
1.02	13	1.02_L369.avi	77298	1.02_R370.avi	77404	51.532	1	40.49533	463.4905	1.16616	3.66712	1082.30044	2.76639	36.07165	7.91998	-51.72201	7.31016	-1081.03915	Lutjanidae	Pristipomoides	multidens	37346002	1	AD	Passing			
1.02	14	1.02_L369.avi	77331	1.02_R370.avi	77437	51.554	1	40.51733	543.769	1.55924	4.32475	1711.45622	14.00972	15.37522	13.05814	414.2981	-4.30472	-1660.54839	Lutjanidae	Pristipomoides	multidens	37346002	1	AD	Passing			
1.02	15	1.02_L369.avi	77466	1.02_R370.avi	77572	51.644	1	40.60733	493.37999	6.89338	11.70468	2644.96922	9.35669	43.60204	10.61022	374.94054	210.56162	-2609.77883	Lutjanidae	Pristipomoides	multidens	37346002	1	AD	Passing			
1.03	0	1.03_L367.avi	36836	1.03_R368.avi	36022	24.55733	1	16.65933	463.54905	1.17062	0.76797	1616.76582	7.1619	9.58369	6.02025	-200.36766	21.9633	-1604.15153	Lethrinidae	Lethrinus	miniatus	37351009	1	AD	Passing			
1.03	1	1.03_L367.avi	36861	1.03_R368.avi	36047	24.574	1	16.676	409.21426	1.5317	2.31876	2071.95791	11.70525	0.81934	4.22005	-412.70954	79.79485	-2028.86993	Lethrinidae	Lethrinus	miniatus	37351009	1	AD	Passing			
1.03	2	1.03_L367.avi	36924	1.03_R368.avi	36110	24.616	1	16.718	481.64403	2.99487	3.82078	2762.40322	16.47626	2.22296	10.28981	779.7365	76.36718	-2648.97161	Lethrinidae	Lethrinus	miniatus	37351009	1	AD	Passing			
1.03	3	1.03_L367.avi	37113	1.03_R368.avi	36299	24.742	1	16.844	215.98898	4.61396	0.52061	2447.95299	14.233	34.18855	16.09506	-368.2922	476.03083	-2372.81044	Echeneidae	Echeneis	naucrates	37336001	1	AD	Passing			
1.03	4	1.03_L367.avi	38172	1.03_R368.avi	37358	25.448	1	17.55	597.91033	3.5312	0.56612	1844.15232	16.05888	46.97758	0.15926	-485.31841	157.18622	-1772.1897	Lutjanidae	Pristipomoides	filamentosus	37346032	1	AD	Passing			
1.03	6	1.03_L367.avi	40947	1.03_R368.avi	40133	27.298	1	19.4	468.83121	8.07548	7.61418	2594.6651	20.84946	78.65327	3.06751	-857.98374	341.57601	-2424.76323	Carangidae	Decapterus	spp		1	AD	Passing			
1.03	7	1.03_L367.avi	50483	1.03_R368.avi	49669	33.65533	1	25.75733	370.06287	3.93307	1.52245	2145.52476	10.54451	36.23756	9.64564	-39.47625	390.64009	-2109.29335	Lethrinidae	Gymnocranius	grandoculis	37351005	1	AD	Passing			
1.03	9	1.03_L367.avi	58462	1.03_R368.avi	57648	38.97467	1	31.07667	330.96619	3.2997	1.33249	2831.22709	17.60324	5.80603	2.54495	-849.65212	105.93293	-2698.65084	Lethrinidae	Lethrinus	rubrioperculatus	37351012	1	AD	Passing			
1.03	10	1.03_L367.avi	58522	1.03_R368.avi	57708	39.01467	1	31.11667	365.24805	3.45591	6.32612	2397.9728	16.00082	21.91291	9.27001	620.54715	227.69973	-2305.06999	Lethrinidae	Lethrinus	rubrioperculatus	37351012	1	AD	Passing			
1.03	11	1.03_L367.avi	67100	1.03_R368.avi	66286	44.73333	1	36.83533	348.78358	8.72835	7.08877	4285.08894	20.07862	17.29668	22.0245	1243.55088	785.96867	-4024.65174	Mullidae	Parupeneus	spilurus	37355015	1	AD	Passing			
1.03	12	1.03_L367.avi	74297	1.03_R368.avi	73483	49.53133	1	41.63333	405.91273	3.59659	1.69038	2563.73996	15.36482	21.13588	0.697	-382.17944	561.59267	-2472.10743	Carangidae	Carangoides	chrysophrys	37337011	1	AD	Passing			
1.03	14	1.03_L367.avi	78542	1.03_R368.avi	77728	52.36133	1	44.46333	348.14867	3.37039	4.69106	2363.25835	11.0498	24.92263	17.86815	-60.41251	448.90007	-2319.44586	Carangidae	Seriola	dumerili	37337025	1	AD	Passing			
1.03	15	1.03_L367.avi	78735	1.03_R368.avi	77921	52.49	1	44.592	323.03361	4.29105	2.70658	2529.45731	19.55918	29.91968	19.17855	-827.72695	178.77282	-2383.49798	Carangidae	Seriola	rivoliana	37337052	1	AD	Passing			
1.03	16	1.03_L367.avi	78752	1.03_R368.avi	77938	52.50133	1	44.60333	313.12212	1.78795	1.42505	2088.37183	16.87602	4.65716	2.39309	-568.46357	210.70802	-1998.43644	Carangidae	Seriola	rivoliana	37337052	1	AD	Passing			
1.03	20	1.03_L367.avi	80041	1.03_R368.avi	79227	53.36067	1	45.46267	395.52297	6.58695	3.14054	5988.04826	13.04836	2.48914	8.68934	-684.09774	1166.08622	-5833.43597	Lutjanidae	Pristipomoides	multidens	37346002	1	AD	Passing			
1.03	21	1.03_L367.avi	93257	1.03_R368.avi	92443	62.17133	1	54.27333	315.71629	2.59592	4.72794	3285.09546	8.49443	1.69081	4.15086	-449.17841	183.59877	-3249.0587	Balistidae	Abalistes	filamentosus	37465089	1	AD	Passing			
1.04	0	1.04_L375.avi	55733	1.04_R376.avi	55307	37.15533	1	27.93067	274.45492	6.36128	1.78887	3029.31809	8.90816	27.57253	4.07172	372.36312	285.29697	-2992.77788	Balistidae	Abalistes	filamentosus	37465089	1	AD	Passing			
1.04	1	1.04_L375.avi	60652	1.04_R376.avi	60226	40.43467	1	31.21	531.56468	3.13552	2.33855	3003.06869	15.1901	5.42	4.70009	-645.86472	449.47263	-2898.14677	Carangidae	Carangoides	chrysophrys	37337011	1	AD	Passing			
1.04	2	1.04_L375.avi	62983	1.04_R376.avi	62557	41.98867	1	32.764	384.75167	2.39464	1.71747	3150.32337	8.82014	6.81082	11.17919	-84.78045	475.55111	-3113.06934	Lutjanidae	Pristipomoides	multidens	37346002	1	AD	Passing			
1.04	3	1.04_L375.avi	63041	1.04_R376.avi	62615	42.02733	1	32.80267	412.50797	3.48963	1.34828	1768.78784	16.59984	52.60124	8.02173	503.34241	44.63373	-1695.07069	Lutjanidae	Pristipomoides	multidens	37346002	1	AD	Passing			
1.04	4	1.04_L375.avi	63054	1.04_R376.avi	62628	42.036	1	32.81133	476.57136	2.12126	0.30578	1491.07931	6.30663	36.53008	4.72097	162.03789	-23.92044	-1482.05568	Lutjanidae	Pristipomoides	multidens	37346002	1	AD	Passing			
1.04	5	1.04_L375.avi	63073	1.04_R376.avi	62647	42.04867	1	32.824	438.88164	0.67995	8.43321	1037.84213	13.7092	14.00877	7.90842	104.49267	222.66299	-1008.27514	Lutjanidae	Pristipomoides	multidens	37346002	1	AD	Passing			
1.04	6	1.04_L375.avi	63108	1.04_R376.avi	62682	42.072	1	32.84733	406.97045	7.63272	0.78972	2619.87331	17.69398	55.51231	1.14128	747.52963	274.29688	-2495.93606	Lutjanidae	Pristipomoides	multidens	37346002	1	AD	Passing			
1.04	7	1.04_L375.avi	63115	1.04_R376.avi	62689	42.07667	1	32.852	338.31223	9.25599	5.07659	4216.75883	17.41486	19.58991	14.70509	-1107.08758	605.86065	-4023.47424	Lutjanidae	Pristipomoides	multidens	37346002	1	AD	Passing			
1.04	8	1.04_L375.avi	63146	1.04_R376.avi	62720	42.09733	1	32.87267	419.99215	3.07327	0.34813	1769.96046	13.33132	42.24893	11.99924	322.85002	249.65997	-1722.26531	Lutjanidae	Pristipomoides	multidens	37346002	1	AD	Passing			
1.04	9	1.04_L375.avi	63461	1.04_R376.avi	63035	42.30733	1	33.08267	435.68743	5.0413	3.63946	2205.43934	15.33647	50.9268	17.99166	-547.9138	200.10193	-2126.90205	Lutjanidae	Pristipomoides	multidens	37346002	1	AD	Passing			
1.04	10	1.04_L375.avi	64095	1.04_R376.avi	63669	42.73	1	33.50533	543.1618	4.31294	3.09708	3634.14793	13.30519	1.46951	0.99182	-815.59203	185.20144	-3536.60023	Triakidae	Mustelus	ravidus	37017005	1	AD	Passing			
1.04	11	1.04_L375.avi	64601	1.04_R376.avi	64175	43.06733	1	33.84267	325.46813	0.83738	0.8235	1418.3152	10.74385	2.72907	26.57639	-251.09171	-82.8282	-1393.45271	Lethrinidae	Lethrinus	rubrioperculatus	37351012	1	AD	Passing			
1.04	12	1.04_L375.avi	64696	1.04_R376.avi	64270	43.13067	1	33.906	314.9653	0.99516	1.79334	1385.41743	12.67467	11.57485	5.95471	-284.929	-105.92484	-1351.65707	Lethrinidae	Lethrinus	rubrioperculatus	37351012	1	AD	Passing			
1.04	13	1.04_L375.avi	64838	1.04_R376.avi	64412	43.22533	1	34.00067	313.35848	1.59484	2.66359	1397.73568	2.34006	30.6302	15.39554	56.8661	-4.82218	-1396.57009	Lethrinidae	Lethrinus	rubrioperculatus	37351012	1	AD	Passing			
1.04	14	1.04_L375.avi	73268	1.04_R376.avi	72842	48.84533	1	39.62067	338.18597	6.08171	3.6522	2875.42512	18.61852	30.57883	4.50351	900.31335	179.45642	-2724.94053	Labridae	Bodianus	solatus	37384201	1	AD	Passing			
1.04	15	1.04_L375.avi	73356	1.04_R376.avi	72930	48.904	1	39.67933	348.61944	7.71923	1.60956	2966.85737	9.27246	37.1602	2.592	32.53449	476.93969	-2928.09028	Labridae	Bodianus	solatus	37384201	1	AD	Passing			
1.04	16	1.04_L375.avi	75671	1.04_R376.avi	75245	50.44733	1	41.22267	460.69206	1.14861	0.37439	1446.80628	4.83552	16.41704	19.21385	-118.35292	-29.43978	-1441.65679	Lethrinidae	Lethrinus	miniatus	37351009	1	AD	Passing			
1.04	17	1.04_L375.avi	75916	1.04_R376.avi	75490	50.61067	1	41.386	480.8525	0.82815	7.35363	1363.45213	8.00385	13.86686	62.87015	-175.37926	72.69013	-1350.17035	Lethrinidae	Lethrinus	miniatus	37351009	1	AD	Passing			
1.04	18	1.04_L375.avi	77696	1.04_R376.avi	77270	51.79733	1	42.57267	349.05188	0.84743	2.98084	1327.20669	16.0255	5.25446	15.85004	-304.16001	-204.28498	-1275.63001	Serranidae	Epinephelus	areolatus	37311009	1	AD	Passing			
1.04	19	1.04_L375.avi	78275	1.04_R376.avi	77849	52.18333	1	42.95867	333.92966	0.78749	0.31011	1074.42705	15.37058	19.76908	0.21347	-190.65768	-211.55206	-1035.99656	Serranidae	Epinephelus	areolatus	37311009	1	AD	Passing			
1.04	20	1.04_L375.avi	89991	1.04_R376.avi	89565	59.994	1	50.76933	342.413	7.65163	4.46963	3155.0962	11.47039	31.47403	1.64834	-614.02637	128.98228	-3092.08137	Mullidae	Parupeneus	spilurus	37355015	1	AD	Passing			
1.04	21	1.04_L375.avi	100215	1.04_R376.avi	99789	66.81	1	57.58533	340.49631	8.76885	4.0469	4382.8022	10.1	17.52203	5.39206	461.83565	614.36942	-4314.88275	Lethrinidae	Gymnocranius	grandoculis	37351005	1	AD	Passing			
1.04	22	1.04_L375.avi	100297	1.04_R376.avi	99871	66.86467	1	57.64	349.74387	1.3207	0.09032	1799.73304	16.3663	5.58432	10.95027	-401.79914	309.40551	-1726.80766	Lethrinidae	Gymnocranius	grandoculis	37351005	1	AD	Passing			
1.04	23	1.04_L375.avi	101598	1.04_R376.avi	101172	67.732	1	58.50733	760.57058	3.84455	3.02928	3187.07182	12.92274	10.71498	21.1725	-633.08221	327.438	-3106.35125	Rachycentridae	Rachycentron	canadum	37335001	1	AD	Passing			
1.04	24	1.04_L375.avi	102449	1.04_R376.avi	102023	68.29933	1	59.07467	209.02588	9.7344	3.80161	5125.65957	15.00944	10.88841	20.8812	-1175.42989	616.80344	-4950.78823	Carangidae	Decapterus	spp		1	AD	Passing			
1.04	25	1.04_L375.avi	102457	1.04_R376.avi	102031	68.30467	1	59.08	263.04053	9.54085	7.63813	4601.03579	11.16786	17.63034	15.08794	-614.77575	645.13078	-4513.91043	Carangidae	Decapterus	spp		1	AD	Passing			
1.05	0	1.05_L371.avi	54180	1.05_R372.avi	52767	36.12	1	23.94333	293.6329	1.24117	8.70146	1265.72769	16.10976	26.96691	9.7816	-324.0201	-135.50206	-1216.02498	Lethrinidae	Lethrinus	rubrioperculatus	37351012	1	AD	Passing			
1.05	1	1.05_L371.avi	54225	1.05_R372.avi	52812	36.15	1	23.97333	293.23922	1.26698	12.27164	1409.64444	11.79692	22.97009	23.42368	204.94088	-202.61838	-1379.87045	Lethrinidae	Lethrinus	rubrioperculatus	37351012	1	AD	Passing			
1.05	2	1.05_L371.avi	54236	1.05_R372.avi	52823	36.15733	1	23.98067	292.48281	0.76576	7.00954	1168.4416	11.31257	14.2444	9.79599	-12.49095	-228.86241	-1145.7407	Lethrinidae	Lethrinus	rubrioperculatus	37351012	1	AD	Passing			
1.05	3	1.05_L371.avi	54292	1.05_R372.avi	52879	36.19467	1	24.018	273.96434	0.72171	12.52422	1300.70808	6.16627	5.83457	28.60052	122.85628	-66.53133	-1293.18268	Lethrinidae	Lethrinus	rubrioperculatus	37351012	1	AD	Passing			
1.05	4	1.05_L371.avi	54816	1.05_R372.avi	53403	36.544	1	24.36733	309.16934	1.01896	16.6011	1758.49263	4.15103	4.66165	3.56042	103.35597	74.29856	-1753.87958	Lethrinidae	Lethrinus	rubrioperculatus	37351012	1	AD	Passing			
1.05	5	1.05_L371.avi	61793	1.05_R372.avi	60380	41.19533	1	29.01867	260.65301	0.63554	10.11981	1233.76415	10.32019	1.45839	1.96212	-13.44321	-220.61833	-1213.80427	Lethrinidae	Gymnocranius	grandoculis	37351005	1	AD	Passing			
1.05	6	1.05_L371.avi	62313	1.05_R372.avi	60900	41.542	1	29.36533	262.2868	3.78769	19.80692	2306.24203	17.35097	28.215	2.49429	687.76493	4.08628	-2201.29848	Lethrinidae	Gymnocranius	grandoculis	37351005	1	AD	Passing			
1.05	7	1.05_L371.avi	62458	1.05_R372.avi	61045	41.63867	1	29.462	275.33619	2.2658	12.66041	1822.06603	19.3687	23.70765	0.83516	-600.72996	65.41089	-1718.94432	Lethrinidae	Gymnocranius	grandoculis	37351005	1	AD	Passing			
1.05	8	1.05_L371.avi	62504	1.05_R372.avi	61091	41.66933	1	29.49267	257.18349	1.03772	7.41219	1147.07651	9.95838	26.77846	3.10226	-27.7936	-196.41039	-1129.79423	Lethrinidae	Gymnocranius	grandoculis	37351005	1	AD	Passing			
1.05	9	1.05_L371.avi	62594	1.05_R372.avi	61181	41.72933	1	29.55267	240.06882	1.84167	14.29416	1866.48035	7.35786	16.97483	0.75617	-237.66196	-25.56558	-1851.11104	Lethrinidae	Gymnocranius	grandoculis	37351005	1	AD	Passing			
1.05	10	1.05_L371.avi	62657	1.05_R372.avi	61244	41.77133	1	29.59467	299.91305	0.65951	12.58534	1065.5208	12.1658	14.0983	32.2308	163.94928	-153.43721	-1041.5912	Lethrinidae	Gymnocranius	grandoculis	37351005	1	AD	Passing			
1.05	12	1.05_L371.avi	79135	1.05_R372.avi	77722	52.75667	1	40.58	279.14646	1.04468	12.95248	1768.76886	7.52648	2.55772	0.53369	-203.5267	-110.69366	-1753.52989	Lutjanidae	Pristipomoides	multidens	37346002	1	AD	Passing			
1.05	13	1.05_L371.avi	79170	1.05_R372.avi	77757	52.78	1	40.60333	425.24692	1.32633	13.05074	1738.97553	19.48984	7.67977	8.10963	461.8208	351.20304	-1639.33336	Lutjanidae	Pristipomoides	multidens	37346002	1	AD	Passing			
1.05	15	1.05_L371.avi	79226	1.05_R372.avi	77813	52.81733	1	40.64067	420.13486	1.97375	11.6225	2076.71513	14.81168	14.43521	7.87768	-302.9802	435.95278	-2007.70862	Lutjanidae	Pristipomoides	multidens	37346002	1	AD	Passing			
1.05	16	1.05_L371.avi	79353	1.05_R372.avi	77940	52.902	1	40.72533	422.98225	0.65799	7.5535	1150.91921	7.32179	0.99258	17.47582	141.93263	36.99691	-1141.53467	Lutjanidae	Pristipomoides	multidens	37346002	1	AD	Passing			
1.05	17	1.05_L371.avi	81635	1.05_R372.avi	80222	54.42333	1	42.24667	475.83869	1.22772	13.74926	1571.26006	13.83851	11.97617	15.27807	371.03046	59.83113	-1525.65226	Carangidae	Carangoides	chrysophrys	37337011	1	AD	Passing			
1.05	18	1.05_L371.avi	82334	1.05_R372.avi	80921	54.88933	1	42.71267	326.85366	1.53696	11.42884	1686.3558	16.11199	14.95446	6.05365	465.29126	50.18806	-1620.11762	Labridae	Bodianus	solatus	37384201	1	AD	Passing			
1.05	19	1.05_L371.avi	82866	1.05_R372.avi	81453	55.244	1	43.06733	343.50297	1.88448	12.79043	1673.00705	18.00772	23.19379	3.39466	-446.49732	-261.03259	-1591.0546	Synodontidae	Saurida	undosquamis	37118001	1	AD	Passing			
1.05	21	1.05_L371.avi	91239	1.05_R372.avi	89826	60.826	1	48.64933	337.78312	1.24213	12.17721	1269.23243	15.33457	30.21397	19.5456	222.93347	-250.92801	-1224.04524	Serranidae	Epinephelus	areolatus	37311009	1	AD	Passing			
1.05	22	1.05_L371.avi	95599	1.05_R372.avi	94186	63.73267	1	51.556	312.4822	1.00048	11.86578	1353.09278	11.90806	14.81644	0.70376	202.40813	-192.31067	-1323.97418	Mullidae	Parupeneus	spilurus	37355015	1	AD	Passing			
1.05	23	1.05_L371.avi	101043	1.05_R372.avi	99630	67.362	1	55.18533	217.88395	4.54772	32.37395	3404.40832	17.02658	8.13384	3.23534	893.64193	441.74623	-3255.18976	Carangidae	Decapterus	spp		1	AD	Passing			
1.05	24	1.05_L371.avi	101062	1.05_R372.avi	99649	67.37467	1	55.198	272.78686	5.6456	37.71869	3825.24045	17.77054	11.02295	12.51132	878.51111	768.92112	-3642.72468	Carangidae	Decapterus	spp		1	AD	Passing			
1.05	25	1.05_L371.avi	101069	1.05_R372.avi	99656	67.37933	1	55.20267	274.75857	4.24013	30.43705	3518.32853	15.00527	2.48463	0.63977	864.54748	286.94717	-3398.36058	Carangidae	Decapterus	spp		1	AD	Passing			
1.05	26	1.05_L371.avi	101075	1.05_R372.avi	99662	67.38333	1	55.20667	264.52481	6.79765	31.66023	3470.27046	13.63799	21.43993	0.18419	-607.07519	548.61781	-3372.42573	Carangidae	Decapterus	spp		1	AD	Passing			
1.05	27	1.05_L371.avi	108082	1.05_R372.avi	106669	72.05467	1	59.878	372.00566	0.83371	13.98544	1366.08089	10.53816	0.54134	16.17893	-247.12883	-36.72629	-1343.03965	Lethrinidae	Lethrinus	miniatus	37351009	1	AD	Passing			
1.05	28	1.05_L371.avi	108085	1.05_R372.avi	106672	72.05667	1	59.88	423.1245	1.00486	17.03664	1255.05121	4.44813	26.35751	42.88336	86.50229	44.6311	-1251.27093	Lethrinidae	Lethrinus	miniatus	37351009	1	AD	Passing			
1.05	29	1.05_L371.avi	108119	1.05_R372.avi	106706	72.07933	1	59.90267	453.75264	0.85067	17.31026	1365.43483	10.52575	3.7474	19.56117	247.63356	-29.91562	-1342.45854	Lethrinidae	Lethrinus	miniatus	37351009	1	AD	Passing			
1.05	30	1.05_L371.avi	108180	1.05_R372.avi	106767	72.12	1	59.94333	398.57503	1.8753	12.20715	1447.49637	8.93194	42.02797	33.43941	224.24225	14.94934	-1429.94324	Lethrinidae	Lethrinus	miniatus	37351009	1	AD	Passing			
1.06	0	1.06_L378.avi	29483	1.06_R377.avi	30088	19.65533	1	8.59667	456.42259	9.06527	3.38957	3964.29302	18.10748	22.43512	10.19465	-1073.09934	605.42485	-3767.96201	Scaridae	Scarus	ghobban	37386001	1	AD	Passing			
1.06	1	1.06_L378.avi	30562	1.06_R377.avi	31167	20.37467	1	9.316	291.20338	9.71937	3.43986	4318.81585	16.08067	18.11174	12.53169	-1193.39026	82.97401	-4149.83197	Carangidae	Decapterus	spp		1	AD	Passing			
1.06	2	1.06_L378.avi	30562	1.06_R377.avi	31167	20.37467	1	9.316	279.49697	6.79473	4.85546	3914.09644	14.40812	13.06101	10.38859	-967.93161	107.95702	-3790.98993	Carangidae	Decapterus	spp		1	AD	Passing			
1.06	4	1.06_L378.avi	37666	1.06_R377.avi	38271	25.11067	1	14.052	345.53045	1.50412	0.44526	1684.50522	4.98816	17.07445	3.03651	22.07828	-144.79386	-1678.12548	Lethrinidae	Lethrinus	rubrioperculatus	37351012	1	AD	Passing			
1.06	5	1.06_L378.avi	37853	1.06_R377.avi	38458	25.23533	1	14.17667	229.02643	6.07517	5.48607	5118.10159	7.36961	5.79248	0.45948	-587.95368	-292.05936	-5075.82266	Lethrinidae	Lethrinus	rubrioperculatus	37351012	1	AD	Passing			
1.06	6	1.06_L378.avi	37871	1.06_R377.avi	38476	25.24733	1	14.18867	284.3515	3.5865	4.09975	5024.5836	1.64878	3.97981	4.88405	-32.8184	-140.7968	-5022.50331	Lethrinidae	Lethrinus	rubrioperculatus	37351012	1	AD	Passing			
1.06	9	1.06_L378.avi	37981	1.06_R377.avi	38586	25.32067	1	14.262	319.88487	1.74503	3.47643	1853.62272	18.47864	11.76772	8.22987	585.87394	43.78612	-1758.05338	Lethrinidae	Lethrinus	rubrioperculatus	37351012	1	AD	Passing			
1.06	10	1.06_L378.avi	38024	1.06_R377.avi	38629	25.34933	1	14.29067	315.93871	2.74454	1.29963	1969.00925	10.10558	36.84876	40.63693	-239.44408	-249.0546	-1938.46221	Lethrinidae	Lethrinus	rubrioperculatus	37351012	1	AD	Passing			
1.06	11	1.06_L378.avi	41667	1.06_R377.avi	42272	27.778	1	16.71933	329.78122	1.21397	1.4365	1282.00893	7.68571	24.90697	7.23877	171.10994	10.86744	-1270.4921	Serranidae	Epinephelus	areolatus	37311009	1	AD	Passing			
1.06	12	1.06_L378.avi	42491	1.06_R377.avi	43096	28.32733	1	17.26867	301.71962	2.1931	5.82637	1825.13905	10.21239	24.24419	8.35042	-264.54029	-186.36164	-1796.22391	Sparidae	Argyrops	spinifer	37353006	1	AD	Passing			
1.06	13	1.06_L378.avi	42500	1.06_R377.avi	43105	28.33333	1	17.27467	327.25151	4.8561	2.04098	3251.87126	1.17438	17.42301	7.69941	22.25667	-62.82199	-3251.1882	Sparidae	Argyrops	spinifer	37353006	1	AD	Passing			
1.06	14	1.06_L378.avi	42548	1.06_R377.avi	43153	28.36533	1	17.30667	258.28989	2.10309	0.53193	3233.56784	4.40827	4.69564	12.19631	123.94217	-215.4327	-3224.00187	Sparidae	Argyrops	spinifer	37353006	1	AD	Passing			
1.06	15	1.06_L378.avi	42653	1.06_R377.avi	43258	28.43533	1	17.37667	293.51715	3.9342	1.97346	3129.23553	9.57402	12.78043	2.43963	477.13437	-207.89615	-3085.65018	Sparidae	Argyrops	spinifer	37353006	1	AD	Passing			
1.06	17	1.06_L378.avi	44149	1.06_R377.avi	44754	29.43267	1	18.374	409.58634	3.64731	2.25745	3000.03582	16.31634	12.24316	6.0167	-590.66195	601.2345	-2879.21004	Carangidae	Carangoides	chrysophrys	37337011	1	AD	Passing			
1.06	18	1.06_L378.avi	45889	1.06_R377.avi	46494	30.59267	1	19.534	310.76168	2.13013	2.29226	1305.93859	12.88383	60.25216	15.4612	164.17115	-240.50032	-1273.0605	Serranidae	Epinephelus	areolatus	37311009	1	AD	Passing			
1.06	19	1.06_L378.avi	55291	1.06_R377.avi	55896	36.86067	1	25.802	346.02537	1.93528	3.28757	2137.82181	5.43102	13.17894	1.99432	153.64203	-131.66319	-2128.22485	Labridae	Bodianus	solatus	37384201	1	AD	Passing			
1.06	20	1.06_L378.avi	57281	1.06_R377.avi	57886	38.18733	1	27.12867	668.85072	7.33596	8.87984	2438.36304	9.02549	55.63074	5.01729	360.41197	-128.14593	-2408.17279	Triakidae	Mustelus	ravidus	37017005	1	AD	Passing			
1.06	21	1.06_L378.avi	57788	1.06_R377.avi	58393	38.52533	1	27.46667	415.39055	1.48993	4.05145	1629.13669	5.06746	18.93361	20.48458	-135.88169	-47.36269	-1622.76902	Tetraodontidae	Lagocephalus	lunaris	37467012	1	AD	Passing			
1.06	22	1.06_L378.avi	60826	1.06_R377.avi	61431	40.55067	1	29.492	301.74046	9.58202	1.51872	3704.49579	3.49017	28.91105	11.78269	139.1472	-177.47468	-3697.62489	Balistidae	Abalistes	filamentosus	37465089	1	AD	Passing			
1.06	23	1.06_L378.avi	61186	1.06_R377.avi	61791	40.79067	1	29.732	314.84974	2.4845	3.328	2686.85585	5.88895	10.93537	3.65335	-170.53841	-216.59271	-2672.6763	Balistidae	Abalistes	filamentosus	37465089	1	AD	Passing			
1.06	24	1.06_L378.avi	68676	1.06_R377.avi	69281	45.784	1	34.72533	494.16868	0.71387	0.68295	1116.23002	3.25797	9.34046	4.03613	48.25655	-41.17743	-1114.42594	Synodontidae	Saurida	undosquamis	37118001	1	AD	Passing			
1.06	25	1.06_L378.avi	78252	1.06_R377.avi	78857	52.168	1	41.10933	413.23781	4.45302	5.69457	1994.4341	15.18784	58.55704	21.93075	-505.91287	130.64988	-1924.77276	Lutjanidae	Pristipomoides	multidens	37346002	1	AD	Passing			
1.06	26	1.06_L378.avi	78259	1.06_R377.avi	78864	52.17267	1	41.114	447.42344	2.59754	12.86514	1812.15956	19.45857	36.8375	22.28212	600.61473	-60.71814	-1708.65372	Lutjanidae	Pristipomoides	multidens	37346002	1	AD	Passing			
1.06	27	1.06_L378.avi	78300	1.06_R377.avi	78905	52.2	1	41.14133	456.12038	2.72742	7.21168	3135.81845	11.37041	7.57083	22.92522	-272.21	555.07656	-3074.27212	Lutjanidae	Pristipomoides	multidens	37346002	1	AD	Passing			
1.06	29	1.06_L378.avi	78327	1.06_R377.avi	78932	52.218	1	41.15933	481.22675	1.81986	4.17154	1822.19144	6.89889	18.11565	12.9773	-216.35943	-33.10327	-1808.99818	Lutjanidae	Pristipomoides	multidens	37346002	1	AD	Passing			
1.06	30	1.06_L378.avi	78334	1.06_R377.avi	78939	52.22267	1	41.164	399.8996	4.8184	6.2095	3897.11413	7.13548	9.75404	5.94257	459.15145	153.35294	-3866.93178	Lutjanidae	Pristipomoides	multidens	37346002	1	AD	Passing			
1.06	34	1.06_L378.avi	78354	1.06_R377.avi	78959	52.236	1	41.17733	413.16865	3.267	4.34818	3294.89183	14.28735	4.19025	0.55308	605.39016	542.8471	-3192.98167	Lutjanidae	Pristipomoides	multidens	37346002	1	AD	Passing			
1.06	35	1.06_L378.avi	78355	1.06_R377.avi	78960	52.23667	1	41.178	432.51528	2.88391	3.01707	1905.1066	12.34499	31.25302	3.61692	-375.43855	-157.93976	-1861.05672	Lutjanidae	Pristipomoides	multidens	37346002	1	AD	Passing			
1.06	36	1.06_L378.avi	78460	1.06_R377.avi	79065	52.30667	1	41.248	490.65686	0.58472	4.21444	1013.28639	8.20281	0.14074	12.44323	2.57576	144.55012	-1002.9197	Lutjanidae	Pristipomoides	multidens	37346002	1	AD	Passing			
1.06	37	1.06_L378.avi	78541	1.06_R377.avi	79146	52.36067	1	41.302	420.07638	3.00318	5.25045	2647.68593	6.2972	17.85597	33.02016	-164.27146	239.48877	-2631.71062	Lutjanidae	Pristipomoides	multidens	37346002	1	AD	Passing			
1.06	38	1.06_L378.avi	81491	1.06_R377.avi	82096	54.32733	1	43.26867	373.43188	9.24969	1.97034	2789.70702	15.19954	60.06908	5.85869	642.97262	348.63385	-2692.11922	Lutjanidae	Pristipomoides	typus	37346019	1	AD	Passing			
1.06	39	1.06_L378.avi	85288	1.06_R377.avi	85893	56.85867	1	45.8	293.90527	9.92145	0.93973	3613.37855	7.57578	32.96084	18.42348	464.92858	-103.81618	-3581.83866	Lethrinidae	Gymnocranius	grandoculis	37351005	1	AD	Passing			
1.06	40	1.06_L378.avi	86165	1.06_R377.avi	86770	57.44333	1	46.38467	372.99135	9.90739	3.5339	2908.44998	12.22493	55.73714	0.28827	608.05548	-97.76435	-2842.49748	Lethrinidae	Gymnocranius	grandoculis	37351005	1	AD	Passing			
1.06	41	1.06_L378.avi	86547	1.06_R377.avi	87152	57.698	1	46.63933	380.88463	4.68396	1.11625	2144.18808	19.18746	50.04785	1.63559	-700.69624	-75.09535	-2025.07481	Lethrinidae	Gymnocranius	grandoculis	37351005	1	AD	Passing			
1.06	42	1.06_L378.avi	86861	1.06_R377.avi	87466	57.90733	1	46.84867	502.55186	1.67342	0.4265	1587.45892	6.73919	44.12931	56.53437	164.34471	87.71655	-1576.49055	Lutjanidae	Lutjanus	sebae	37346004	1	AD	Passing			
1.06	43	1.06_L378.avi	87967	1.06_R377.avi	88572	58.64467	1	47.586	1333.56937	9.8219	2.68132	4872.41133	6.1814	13.94408	3.21843	519.23898	75.12211	-4844.08296	Carcharhinidae	Carcharhinus	plumbeus	37018007	1	AD	Passing			
1.06	44	1.06_L378.avi	103085	1.06_R377.avi	103690	68.72333	1	57.66467	381.69873	4.94448	2.53037	2247.43083	14.55078	47.25662	20.98038	559.86041	73.3119	-2175.34527	Lethrinidae	Gymnocranius	euanus	37351022	1	AD	Passing			
1.06	45	1.06_L378.avi	103370	1.06_R377.avi	103975	68.91333	1	57.85467	369.54493	8.767	3.71803	2574.6122	13.474	72.39655	7.65305	-598.70603	-37.75619	-2503.7479	Lethrinidae	Gymnocranius	euanus	37351022	1	AD	Passing			
