OpCode	Camera	MovieSeqIndex	StartTimeOffset	Format	Filename	Frames	Rate
10	0	0	0.00000	0	Left_MAH00354.MP4	81122	59.94006
10	0	0	0.00000	0	Left_MAH00355.MP4	81120	59.94006
10	0	0	0.00000	0	Left_MAH00356.MP4	81061	59.94006
10	0	0	0.00000	0	Left_MAH00357.MP4	81120	59.94006
10	0	0	0.00000	0	Left_MAH00358.MP4	81061	59.94006
10	1	0	0.00000	0	Right_MAH00343.MP4	81122	59.94006
10	1	0	0.00000	0	Right_MAH00344.MP4	81060	59.94006
10	1	0	0.00000	0	Right_MAH00345.MP4	81061	59.94006
10	1	0	0.00000	0	Right_MAH00346.MP4	81060	59.94006
10	1	0	0.00000	0	Right_MAH00347.MP4	81121	59.94006
12	0	0	0.00000	0	L031_MAH01382.MP4	81122	59.94006
12	0	0	0.00000	0	L031_MAH01383.MP4	81060	59.94006
12	0	0	0.00000	0	L031_MAH01384.MP4	81061	59.94006
12	0	0	0.00000	0	L031_MAH01385.MP4	81060	59.94006
12	0	0	0.00000	0	L031_MAH01386.MP4	81061	59.94006
12	0	0	0.00000	0	L031_MAH01387.MP4	81060	59.94006
12	0	0	0.00000	0	L031_MAH01388.MP4	80131	59.94006
12	1	0	0.00000	0	R032_MAH00367.MP4	81062	59.94006
12	1	0	0.00000	0	R032_MAH00368.MP4	81121	59.94006
12	1	0	0.00000	0	R032_MAH00369.MP4	81061	59.94006
12	1	0	0.00000	0	R032_MAH00370.MP4	81060	59.94006
12	1	0	0.00000	0	R032_MAH00371.MP4	81061	59.94006
12	1	0	0.00000	0	R032_MAH00372.MP4	81060	59.94006
12	1	0	0.00000	0	R032_MAH00373.MP4	81121	59.94006
12	1	0	0.00000	0	R032_MAH00374.MP4	4410	59.94006
14	0	0	0.00000	0	L031_14_MAH01389.MP4	81062	59.94006
14	0	0	0.00000	0	L031_14_MAH01390.MP4	81061	59.94006
14	0	0	0.00000	0	L031_14_MAH01391.MP4	81061	59.94006
14	0	0	0.00000	0	L031_14_MAH01392.MP4	81060	59.94006
14	0	0	0.00000	0	L031_14_MAH01393.MP4	29281	59.94006
14	1	0	0.00000	0	R032_14_MAH00375.MP4	81062	59.94006
14	1	0	0.00000	0	R032_14_MAH00376.MP4	81061	59.94006
14	1	0	0.00000	0	R032_14_MAH00377.MP4	81061	59.94006
14	1	0	0.00000	0	R032_14_MAH00378.MP4	81060	59.94006
14	1	0	0.00000	0	R032_14_MAH00379.MP4	27181	59.94006
15	0	0	0.00000	0	Left_MAH00370.MP4	81122	59.94006
15	0	0	0.00000	0	Left_MAH00371.MP4	81060	59.94006
15	0	0	0.00000	0	Left_MAH00372.MP4	81061	59.94006
15	0	0	0.00000	0	Left_MAH00373.MP4	81060	59.94006
15	0	0	0.00000	0	Left_MAH00374.MP4	71131	59.94006
15	1	0	0.00000	0	Right_MAH00366.MP4	81122	59.94006
15	1	0	0.00000	0	Right_MAH00367.MP4	81060	59.94006
15	1	0	0.00000	0	Right_MAH00368.MP4	81061	59.94006
15	1	0	0.00000	0	Right_MAH00369.MP4	81120	59.94006
15	1	0	0.00000	0	Right_MAH00370.MP4	69781	59.94006
16	0	0	0.00000	0	L039_MAH00356.MP4	81122	59.94006
16	0	0	0.00000	0	L039_MAH00357.MP4	81060	59.94006
16	0	0	0.00000	0	L039_MAH00358.MP4	81061	59.94006
16	0	0	0.00000	0	L039_MAH00359.MP4	81060	59.94006
16	0	0	0.00000	0	L039_MAH00360.MP4	14851	59.94006
16	1	0	0.00000	0	R040_MAH00363.MP4	81122	59.94006
16	1	0	0.00000	0	R040_MAH00364.MP4	81060	59.94006
16	1	0	0.00000	0	R040_MAH00365.MP4	81061	59.94006
16	1	0	0.00000	0	R040_MAH00366.MP4	81060	59.94006
16	1	0	0.00000	0	R040_MAH00367.MP4	10141	59.94006
17	0	0	0.00000	0	Left_MAH00375.MP4	81122	59.94006
17	0	0	0.00000	0	Left_MAH00376.MP4	81060	59.94006
17	0	0	0.00000	0	Left_MAH00377.MP4	81061	59.94006
17	0	0	0.00000	0	Left_MAH00378.MP4	81060	59.94006
17	0	0	0.00000	0	Left_MAH00379.MP4	17731	59.94006
17	1	0	0.00000	0	Right_MAH00372.MP4	81122	59.94006
17	1	0	0.00000	0	Right_MAH00373.MP4	81060	59.94006
17	1	0	0.00000	0	Right_MAH00374.MP4	81061	59.94006
17	1	0	0.00000	0	Right_MAH00375.MP4	81060	59.94006
17	1	0	0.00000	0	Right_MAH00376.MP4	15691	59.94006
19	0	0	0.00000	0	L031_19_MAH01394.MP4	81122	59.94006
19	0	0	0.00000	0	L031_19_MAH01395.MP4	81060	59.94006
19	0	0	0.00000	0	L031_19_MAH01396.MP4	81061	59.94006
19	0	0	0.00000	0	L031_19_MAH01397.MP4	58230	59.94006
19	1	0	0.00000	0	R032_19_MAH00380.MP4	81122	59.94006
19	1	0	0.00000	0	R032_19_MAH00381.MP4	81060	59.94006
19	1	0	0.00000	0	R032_19_MAH00382.MP4	81061	59.94006
19	1	0	0.00000	0	R032_19_MAH00383.MP4	65040	59.94006
2	0	0	0.00000	0	Left_MAH00328.MP4	81122	59.94006
2	0	0	0.00000	0	Left_MAH00329.MP4	81060	59.94006
2	0	0	0.00000	0	Left_MAH00330.MP4	81061	59.94006
2	0	0	0.00000	0	Left_MAH00331.MP4	81060	59.94006
2	0	0	0.00000	0	Left_MAH00332.MP4	81061	59.94006
2	0	0	0.00000	0	Left_MAH00333.MP4	46350	59.94006
2	1	0	0.00000	0	Right_MAH07748.MP4	81122	59.94006
2	1	0	0.00000	0	Right_MAH07749.MP4	81060	59.94006
2	1	0	0.00000	0	Right_MAH07750.MP4	81061	59.94006
2	1	0	0.00000	0	Right_MAH07751.MP4	81060	59.94006
2	1	0	0.00000	0	Right_MAH07752.MP4	81061	59.94006
2	1	0	0.00000	0	Right_MAH07753.MP4	56940	59.94006
21	0	0	0.00000	0	Left_MAH00437.MP4	81062	59.94006
21	0	0	0.00000	0	Left_MAH00438.MP4	81061	59.94006
21	0	0	0.00000	0	Left_MAH00439.MP4	81061	59.94006
21	0	0	0.00000	0	Left_MAH00440.MP4	81060	59.94006
21	0	0	0.00000	0	Left_MAH00441.MP4	28951	59.94006
21	1	0	0.00000	0	Right_MAH00944.MP4	81062	59.94006
21	1	0	0.00000	0	Right_MAH00945.MP4	81061	59.94006
21	1	0	0.00000	0	Right_MAH00946.MP4	81061	59.94006
21	1	0	0.00000	0	Right_MAH00947.MP4	81060	59.94006
21	1	0	0.00000	0	Right_MAH00948.MP4	29131	59.94006
22	0	0	0.00000	0	L035_MAH00360.MP4	81122	59.94006
22	0	0	0.00000	0	L035_MAH00361.MP4	81060	59.94006
22	0	0	0.00000	0	L035_MAH00362.MP4	81061	59.94006
22	0	0	0.00000	0	L035_MAH00363.MP4	80850	59.94006
22	1	0	0.00000	0	R036_MAH00349.MP4	81122	59.94006
22	1	0	0.00000	0	R036_MAH00350.MP4	81060	59.94006
22	1	0	0.00000	0	R036_MAH00351.MP4	81061	59.94006
22	1	0	0.00000	0	R036_MAH00352.MP4	81060	59.94006
22	1	0	0.00000	0	R036_MAH00353.MP4	1531	59.94006
23	0	0	0.00000	0	Left_MAH00428.MP4	81122	59.94006
23	0	0	0.00000	0	Left_MAH00429.MP4	81060	59.94006
23	0	0	0.00000	0	Left_MAH00430.MP4	81061	59.94006
23	0	0	0.00000	0	Left_MAH00431.MP4	45900	59.94006
23	0	0	0.00000	0	Left_MAH00432.MP4	81122	59.94006
23	1	0	0.00000	0	Right_MAH00935.MP4	81122	59.94006
23	1	0	0.00000	0	Right_MAH00936.MP4	81060	59.94006
23	1	0	0.00000	0	Right_MAH00937.MP4	81061	59.94006
23	1	0	0.00000	0	Right_MAH00938.MP4	45270	59.94006
23	1	0	0.00000	0	Right_MAH00939.MP4	81122	59.94006
24	0	0	0.00000	0	L035_MAH00349.MP4	81122	59.94006
24	0	0	0.00000	0	L035_MAH00350.MP4	81060	59.94006
24	0	0	0.00000	0	L035_MAH00351.MP4	81061	59.94006
24	0	0	0.00000	0	L035_MAH00352.MP4	81060	59.94006
24	0	0	0.00000	0	L035_MAH00353.MP4	69241	59.94006
24	1	0	0.00000	0	R036_MAH00338.MP4	81122	59.94006
24	1	0	0.00000	0	R036_MAH00339.MP4	81060	59.94006
24	1	0	0.00000	0	R036_MAH00340.MP4	81061	59.94006
24	1	0	0.00000	0	R036_MAH00341.MP4	81060	59.94006
24	1	0	0.00000	0	R036_MAH00342.MP4	71101	59.94006
26	0	0	0.00000	0	Left_MAH01378.MP4	81122	59.94006
26	0	0	0.00000	0	Left_MAH01379.MP4	81060	59.94006
26	0	0	0.00000	0	Left_MAH01380.MP4	81061	59.94006
26	0	0	0.00000	0	Left_MAH01381.MP4	36660	59.94006
26	1	0	0.00000	0	Right_MAH00363.MP4	81122	59.94006
26	1	0	0.00000	0	Right_MAH00364.MP4	81060	59.94006
26	1	0	0.00000	0	Right_MAH00365.MP4	81061	59.94006
26	1	0	0.00000	0	Right_MAH00366.MP4	35370	59.94006
29	0	0	0.00000	0	L035_MAH00345.MP4	81122	59.94006
29	0	0	0.00000	0	L035_MAH00346.MP4	81060	59.94006
29	0	0	0.00000	0	L035_MAH00347.MP4	81061	59.94006
29	0	0	0.00000	0	L035_MAH00348.MP4	44250	59.94006
29	0	0	0.00000	0	L035_MAH00349.MP4	81122	59.94006
29	1	0	0.00000	0	R036_MAH00334.MP4	81062	59.94006
29	1	0	0.00000	0	R036_MAH00335.MP4	81061	59.94006
29	1	0	0.00000	0	R036_MAH00336.MP4	81061	59.94006
29	1	0	0.00000	0	R036_MAH00337.MP4	41820	59.94006
29	1	0	0.00000	0	R036_MAH00338.MP4	81122	59.94006
3	0	0	0.00000	0	Left_001.MP4	81060	59.94006
3	0	0	0.00000	0	Left_002.MP4	81061	59.94006
3	0	0	0.00000	0	Left_003.MP4	81060	59.94006
3	0	0	0.00000	0	Left_004.MP4	81061	59.94006
3	0	0	0.00000	0	Left_005.MP4	53880	59.94006
3	1	0	0.00000	0	Right_001.MP4	81060	59.94006
3	1	0	0.00000	0	Right_002.MP4	81061	59.94006
3	1	0	0.00000	0	Right_003.MP4	81060	59.94006
3	1	0	0.00000	0	Right_004.MP4	81061	59.94006
3	1	0	0.00000	0	Right_005.MP4	42870	59.94006
31	0	0	0.00000	0	L029_MAH00339.MP4	81122	59.94006
31	0	0	0.00000	0	L029_MAH00340.MP4	81060	59.94006
31	0	0	0.00000	0	L029_MAH00341.MP4	81061	59.94006
31	0	0	0.00000	0	L029_MAH00342.MP4	16470	59.94006
31	0	0	0.00000	0	R030_MAH07759.MP4	81122	59.94006
31	0	0	0.00000	0	R030_MAH07760.MP4	81060	59.94006
31	0	0	0.00000	0	R030_MAH07761.MP4	81061	59.94006
31	0	0	0.00000	0	R030_MAH07762.MP4	12240	59.94006
31	1	0	0.00000	0	R030_MAH07759.MP4	81122	59.94006
31	1	0	0.00000	0	R030_MAH07760.MP4	81060	59.94006
31	1	0	0.00000	0	R030_MAH07761.MP4	81061	59.94006
31	1	0	0.00000	0	R030_MAH07762.MP4	12240	59.94006
32	0	0	0.00000	0	L039_MAH00349.MP4	81122	59.94006
32	0	0	0.00000	0	L039_MAH00350.MP4	81060	59.94006
32	0	0	0.00000	0	L039_MAH00351.MP4	81061	59.94006
32	0	0	0.00000	0	L039_MAH00352.MP4	81060	59.94006
32	0	0	0.00000	0	L039_MAH00353.MP4	81061	59.94006
32	0	0	0.00000	0	L039_MAH00354.MP4	81060	59.94006
32	0	0	0.00000	0	L039_MAH00355.MP4	40351	59.94006
32	1	0	0.00000	0	R040_MAH00356.MP4	81122	59.94006
32	1	0	0.00000	0	R040_MAH00357.MP4	81060	59.94006
32	1	0	0.00000	0	R040_MAH00358.MP4	81061	59.94006
32	1	0	0.00000	0	R040_MAH00359.MP4	81060	59.94006
32	1	0	0.00000	0	R040_MAH00360.MP4	81061	59.94006
32	1	0	0.00000	0	R040_MAH00361.MP4	81060	59.94006
32	1	0	0.00000	0	R040_MAH00362.MP4	41461	59.94006
34	0	0	0.00000	0	L027_34_MAH00304.MP4	81122	59.94006
34	0	0	0.00000	0	L027_34_MAH00305.MP4	81060	59.94006
34	0	0	0.00000	0	L027_34_MAH00306.MP4	81061	59.94006
34	0	0	0.00000	0	L027_34_MAH00307.MP4	74790	59.94006
34	1	0	0.00000	0	R028_34_MAH00469.MP4	81122	59.94006
34	1	0	0.00000	0	R028_34_MAH00470.MP4	81060	59.94006
34	1	0	0.00000	0	R028_34_MAH00471.MP4	81061	59.94006
34	1	0	0.00000	0	R028_34_MAH00472.MP4	71610	59.94006
35	0	0	0.00000	0	Left_MAH00294.MP4	81122	59.94006
35	0	0	0.00000	0	Left_MAH00295.MP4	81120	59.94006
35	0	0	0.00000	0	Left_MAH00296.MP4	81061	59.94006
35	0	0	0.00000	0	Left_MAH00297.MP4	49680	59.94006
35	1	0	0.00000	0	Right_MAH00459.MP4	81122	59.94006
35	1	0	0.00000	0	Right_MAH00460.MP4	81060	59.94006
35	1	0	0.00000	0	Right_MAH00461.MP4	81061	59.94006
35	1	0	0.00000	0	Right_MAH00462.MP4	46860	59.94006
36	0	0	0.00000	0	L037_MAH00365.MP4	81062	59.94006
36	0	0	0.00000	0	L037_MAH00366.MP4	81061	59.94006
36	0	0	0.00000	0	L037_MAH00367.MP4	81061	59.94006
36	0	0	0.00000	0	L037_MAH00368.MP4	81060	59.94006
36	0	0	0.00000	0	L037_MAH00369.MP4	28111	59.94006
36	1	0	0.00000	0	R038_MAH00361.MP4	81122	59.94006
36	1	0	0.00000	0	R038_MAH00362.MP4	81060	59.94006
36	1	0	0.00000	0	R038_MAH00363.MP4	81061	59.94006
36	1	0	0.00000	0	R038_MAH00364.MP4	81060	59.94006
36	1	0	0.00000	0	R038_MAH00365.MP4	28351	59.94006
37	0	0	0.00000	0	Left_MAH00370.MP4	81122	59.94006
37	0	0	0.00000	0	Left_MAH00371.MP4	81060	59.94006
37	0	0	0.00000	0	Left_MAH00372.MP4	81061	59.94006
37	0	0	0.00000	0	Left_MAH00373.MP4	81120	59.94006
37	0	0	0.00000	0	Left_MAH00374.MP4	9541	59.94006
37	1	0	0.00000	0	Right_MAH00367.MP4	81122	59.94006
37	1	0	0.00000	0	Right_MAH00368.MP4	81060	59.94006
37	1	0	0.00000	0	Right_MAH00369.MP4	81061	59.94006
37	1	0	0.00000	0	Right_MAH00370.MP4	81060	59.94006
39	0	0	0.00000	0	L027_MAH00308.MP4	81122	59.94006
39	0	0	0.00000	0	L027_MAH00309.MP4	81060	59.94006
39	0	0	0.00000	0	L027_MAH00310.MP4	81061	59.94006
39	0	0	0.00000	0	L027_MAH00311.MP4	39060	59.94006
39	0	0	0.00000	0	L027_MAH00312.MP4	62	59.94006
39	1	0	0.00000	0	R028_MAH00473.MP4	81122	59.94006
39	1	0	0.00000	0	R028_MAH00474.MP4	81060	59.94006
39	1	0	0.00000	0	R028_MAH00475.MP4	81061	59.94006
39	1	0	0.00000	0	R028_MAH00476.MP4	28080	59.94006
39	1	0	0.00000	0	R028_MAH00477.MP4	62	59.94006
4	0	0	0.00000	0	Left_MAH00360.MP4	81122	59.94006
4	0	0	0.00000	0	Left_MAH00361.MP4	81060	59.94006
4	0	0	0.00000	0	Left_MAH00362.MP4	81061	59.94006
4	0	0	0.00000	0	Left_MAH00363.MP4	81060	59.94006
4	0	0	0.00000	0	Left_MAH00364.MP4	48451	59.94006
4	1	0	0.00000	0	Right_MAH00356.MP4	81122	59.94006
4	1	0	0.00000	0	Right_MAH00357.MP4	81060	59.94006
4	1	0	0.00000	0	Right_MAH00358.MP4	81061	59.94006
4	1	0	0.00000	0	Right_MAH00359.MP4	81060	59.94006
4	1	0	0.00000	0	Right_MAH00360.MP4	44611	59.94006
40	0	0	0.00000	0	Left_MAH00334.MP4	81122	59.94006
40	0	0	0.00000	0	Left_MAH00335.MP4	81060	59.94006
40	0	0	0.00000	0	Left_MAH00336.MP4	81061	59.94006
40	0	0	0.00000	0	Left_MAH00337.MP4	81120	59.94006
40	0	0	0.00000	0	Left_MAH00338.MP4	8401	59.94006
40	1	0	0.00000	0	Right_MAH07754.MP4	81122	59.94006
40	1	0	0.00000	0	Right_MAH07755.MP4	81060	59.94006
40	1	0	0.00000	0	Right_MAH07756.MP4	81061	59.94006
40	1	0	0.00000	0	Right_MAH07757.MP4	81060	59.94006
40	1	0	0.00000	0	Right_MAH07758.MP4	11011	59.94006
44	0	0	0.00000	0	Left_MAH00433.MP4	81060	59.94006
44	0	0	0.00000	0	Left_MAH00434.MP4	81121	59.94006
44	0	0	0.00000	0	Left_MAH00435.MP4	81060	59.94006
44	0	0	0.00000	0	Left_MAH00436.MP4	40771	59.94006
44	1	0	0.00000	0	Right_MAH00940.MP4	81060	59.94006
44	1	0	0.00000	0	Right_MAH00941.MP4	81061	59.94006
44	1	0	0.00000	0	Right_MAH00942.MP4	81060	59.94006
44	1	0	0.00000	0	Right_MAH00943.MP4	46681	59.94006
45	0	0	0.00000	0	Left_MAH00385.MP4	81122	59.94006
45	0	0	0.00000	0	Left_MAH00386.MP4	81060	59.94006
45	0	0	0.00000	0	Left_MAH00387.MP4	81061	59.94006
45	0	0	0.00000	0	Left_MAH00388.MP4	81120	59.94006
45	0	0	0.00000	0	Left_MAH00389.MP4	961	59.94006
45	1	0	0.00000	0	Right_MAH00382.MP4	81122	59.94006
45	1	0	0.00000	0	Right_MAH00383.MP4	81060	59.94006
45	1	0	0.00000	0	Right_MAH00384.MP4	81061	59.94006
45	1	0	0.00000	0	Right_MAH00385.MP4	81120	59.94006
45	1	0	0.00000	0	Right_MAH00386.MP4	1351	59.94006
46	0	0	0.00000	0	L041_MAH00380.MP4	81062	59.94006
46	0	0	0.00000	0	L041_MAH00381.MP4	81061	59.94006
46	0	0	0.00000	0	L041_MAH00382.MP4	81061	59.94006
46	0	0	0.00000	0	L041_MAH00383.MP4	81120	59.94006
46	0	0	0.00000	0	L041_MAH00384.MP4	14791	59.94006
46	1	0	0.00000	0	R042_MAH00377.MP4	81122	59.94006
46	1	0	0.00000	0	R042_MAH00378.MP4	81060	59.94006
46	1	0	0.00000	0	R042_MAH00379.MP4	81061	59.94006
46	1	0	0.00000	0	R042_MAH00380.MP4	81120	59.94006
46	1	0	0.00000	0	R042_MAH00381.MP4	12451	59.94006
47	0	0	0.00000	0	L033_MAH00442.MP4	81122	59.94006
47	0	0	0.00000	0	L033_MAH00443.MP4	81060	59.94006
47	0	0	0.00000	0	L033_MAH00444.MP4	81061	59.94006
47	0	0	0.00000	0	L033_MAH00445.MP4	30030	59.94006
47	1	0	0.00000	0	R034_MAH00949.MP4	81122	59.94006
47	1	0	0.00000	0	R034_MAH00950.MP4	81060	59.94006
47	1	0	0.00000	0	R034_MAH00951.MP4	81061	59.94006
47	1	0	0.00000	0	R034_MAH00952.MP4	41190	59.94006
5	0	0	0.00000	0	Left_MAH00324.MP4	81122	59.94006
5	0	0	0.00000	0	Left_MAH00325.MP4	81060	59.94006
5	0	0	0.00000	0	Left_MAH00326.MP4	81061	59.94006
5	0	0	0.00000	0	Left_MAH00327.MP4	70080	59.94006
5	0	0	0.00000	0	Left_MAH00328.MP4	81122	59.94006
5	1	0	0.00000	0	Right_MAH07744.MP4	81122	59.94006
5	1	0	0.00000	0	Right_MAH07745.MP4	81060	59.94006
5	1	0	0.00000	0	Right_MAH07746.MP4	81061	59.94006
5	1	0	0.00000	0	Right_MAH07747.MP4	67830	59.94006
5	1	0	0.00000	0	Right_MAH07748.MP4	81122	59.94006
6	0	0	0.00000	0	Left_MAH00375.MP4	81122	59.94006
6	0	0	0.00000	0	Left_MAH00376.MP4	81060	59.94006
6	0	0	0.00000	0	Left_MAH00377.MP4	81061	59.94006
6	0	0	0.00000	0	Left_MAH00378.MP4	81060	59.94006
6	0	0	0.00000	0	Left_MAH00379.MP4	81121	59.94006
6	0	0	0.00000	0	Left_MAH00380.MP4	81060	59.94006
6	0	0	0.00000	0	Left_MAH00381.MP4	81061	59.94006
6	0	0	0.00000	0	Left_MAH00382.MP4	81060	59.94006
6	0	0	0.00000	0	Left_MAH00383.MP4	36361	59.94006
6	1	0	0.00000	0	Right_MAH00371.MP4	81122	59.94006
6	1	0	0.00000	0	Right_MAH00372.MP4	81120	59.94006
6	1	0	0.00000	0	Right_MAH00373.MP4	81061	59.94006
6	1	0	0.00000	0	Right_MAH00374.MP4	81120	59.94006
6	1	0	0.00000	0	Right_MAH00375.MP4	36031	59.94006
7	0	0	0.00000	0	L039_MAH00366.MP4	81122	59.94006
7	0	0	0.00000	0	L039_MAH00367.MP4	81060	59.94006
7	0	0	0.00000	0	L039_MAH00368.MP4	81061	59.94006
7	0	0	0.00000	0	L039_MAH00369.MP4	81120	59.94006
7	0	0	0.00000	0	L039_MAH00370.MP4	4951	59.94006
7	1	0	0.00000	0	R040_MAH00373.MP4	81122	59.94006
7	1	0	0.00000	0	R040_MAH00374.MP4	81060	59.94006
7	1	0	0.00000	0	R040_MAH00375.MP4	81061	59.94006
7	1	0	0.00000	0	R040_MAH00376.MP4	81060	59.94006
7	1	0	0.00000	0	R040_MAH00377.MP4	4081	59.94006
8	0	0	0.00000	0	L039_MAH00361.MP4	81122	59.94006
8	0	0	0.00000	0	L039_MAH00362.MP4	81060	59.94006
8	0	0	0.00000	0	L039_MAH00363.MP4	81061	59.94006
8	0	0	0.00000	0	L039_MAH00364.MP4	81060	59.94006
8	0	0	0.00000	0	L039_MAH00365.MP4	50191	59.94006
8	1	0	0.00000	0	R040_MAH00368.MP4	81122	59.94006
8	1	0	0.00000	0	R040_MAH00369.MP4	81060	59.94006
8	1	0	0.00000	0	R040_MAH00370.MP4	81061	59.94006
8	1	0	0.00000	0	R040_MAH00371.MP4	81060	59.94006
8	1	0	0.00000	0	R040_MAH00372.MP4	49411	59.94006
8	1	0	0.00000	0	L039_MAH00361.MP4	81122	59.94006
