OpCode	Camera	MovieSeqIndex	StartTimeOffset	Format	Filename	Frames	Rate
100	0	0	0.00000	1	TF_100_406_407_406.avi	154981	25.00000
100	1	0	0.00000	1	TF_100_406_407_407.avi	158868	25.00000
101	0	0	0.00000	1	TF_101_1260_1261_1260_1.MP4	21870	29.97003
101	0	0	0.00000	1	TF_101_1260_1261_1260_2.MP4	21240	29.97003
101	0	0	0.00000	1	TF_101_1260_1261_1260_3.MP4	21240	29.97003
101	0	0	0.00000	1	TF_101_1260_1261_1260_4.MP4	21240	29.97003
101	0	0	0.00000	1	TF_101_1260_1261_1260_5.MP4	21240	29.97003
101	0	0	0.00000	1	TF_101_1260_1261_1260_6.MP4	21990	29.97003
101	1	0	0.00000	1	TF_101_1260_1261_1261_1.MP4	21990	29.97003
101	1	0	0.00000	1	TF_101_1260_1261_1261_2.MP4	21240	29.97003
101	1	0	0.00000	1	TF_101_1260_1261_1261_3.MP4	21240	29.97003
101	1	0	0.00000	1	TF_101_1260_1261_1261_4.MP4	21240	29.97003
101	1	0	0.00000	1	TF_101_1260_1261_1261_5.MP4	21240	29.97003
101	1	0	0.00000	1	TF_101_1260_1261_1261_6.MP4	21900	29.97003
107	0	0	0.00000	1	TF_107_286_287_286.avi	119915	25.00000
107	1	0	0.00000	1	TF_107_286_287_287.avi	115164	25.00000
129	0	0	0.00000	1	TF_129_1258_1259_1259_1.MP4	21600	29.97003
129	0	0	0.00000	1	TF_129_1258_1259_1259_2.MP4	21240	29.97003
129	0	0	0.00000	1	TF_129_1258_1259_1259_3.MP4	21240	29.97003
129	0	0	0.00000	1	TF_129_1258_1259_1259_4.MP4	21240	29.97003
129	0	0	0.00000	1	TF_129_1258_1259_1259_5.MP4	21240	29.97003
129	0	0	0.00000	1	TF_129_1258_1259_1259_6.MP4	21360	29.97003
129	0	0	0.00000	1	TF_129_1258_1259_1259_7.MP4	5756	29.97003
129	1	0	0.00000	1	TF_129_1258_1259_1258_1.MP4	21780	29.97003
129	1	0	0.00000	1	TF_129_1258_1259_1258_2.MP4	21240	29.97003
129	1	0	0.00000	1	TF_129_1258_1259_1258_3.MP4	21240	29.97003
129	1	0	0.00000	1	TF_129_1258_1259_1258_4.MP4	21240	29.97003
129	1	0	0.00000	1	TF_129_1258_1259_1258_5.MP4	21240	29.97003
129	1	0	0.00000	1	TF_129_1258_1259_1258_6.MP4	21240	29.97003
129	1	0	0.00000	1	TF_129_1258_1259_1258_7.MP4	7736	29.97003
130	0	0	0.00000	1	TF_130_282_283_282.avi	119548	25.00000
130	1	0	0.00000	1	TF_130_282_283_283.avi	119880	25.00000
131	0	0	0.00000	1	TF_131_1260_1261_1260_1.MP4	21480	29.97003
131	0	0	0.00000	1	TF_131_1260_1261_1260_2.MP4	21570	29.97003
131	0	0	0.00000	1	TF_131_1260_1261_1260_3.MP4	22980	29.97003
131	0	0	0.00000	1	TF_131_1260_1261_1260_4.MP4	23010	29.97003
131	0	0	0.00000	1	TF_131_1260_1261_1260_5.MP4	30360	29.97003
131	0	0	0.00000	1	TF_131_1260_1261_1260_6.MP4	10587	29.97003
131	1	0	0.00000	1	TF_131_1260_1261_1261_1.MP4	21450	29.97003
131	1	0	0.00000	1	TF_131_1260_1261_1261_2.MP4	21420	29.97003
131	1	0	0.00000	1	TF_131_1260_1261_1261_3.MP4	22050	29.97003
131	1	0	0.00000	1	TF_131_1260_1261_1261_4.MP4	21660	29.97003
131	1	0	0.00000	1	TF_131_1260_1261_1261_5.MP4	29670	29.97003
131	1	0	0.00000	1	TF_131_1260_1261_1261_6.MP4	14833	29.97003
132	0	0	0.00000	1	TF_132_1262_1263_1262_1.MP4	21960	29.97003
132	0	0	0.00000	1	TF_132_1262_1263_1262_2.MP4	21930	29.97003
132	0	0	0.00000	1	TF_132_1262_1263_1262_3.MP4	24690	29.97003
132	0	0	0.00000	1	TF_132_1262_1263_1262_4.MP4	24720	29.97003
132	0	0	0.00000	1	TF_132_1262_1263_1262_5.MP4	26250	29.97003
132	0	0	0.00000	1	TF_132_1262_1263_1262_6.MP4	13561	29.97003
132	1	0	0.00000	1	TF_132_1262_1263_1263_1.MP4	21720	29.97003
132	1	0	0.00000	1	TF_132_1262_1263_1263_2.MP4	21240	29.97003
132	1	0	0.00000	1	TF_132_1262_1263_1263_3.MP4	21240	29.97003
132	1	0	0.00000	1	TF_132_1262_1263_1263_4.MP4	21240	29.97003
132	1	0	0.00000	1	TF_132_1262_1263_1263_5.MP4	21240	29.97003
132	1	0	0.00000	1	TF_132_1262_1263_1263_6.MP4	21780	29.97003
135	0	0	0.00000	0	TF_135_286_287_287.avi	113555	25.00000
135	1	0	0.00000	0	TF_135_286_287_286.avi	29640	25.00000
136	0	0	0.00000	0	TF_136_282_283_283.avi	102192	25.00000
136	1	0	0.00000	0	TF_136_282_283_282.avi	102816	25.00000
137	0	0	0.00000	1	TF_137_406_407_406.avi	108024	25.00000
137	1	0	0.00000	1	TF_137_406_407_407.avi	109440	25.00000
138	0	0	0.00000	1	TF_138_1258_1259_1258_1.MP4	21660	29.97003
138	0	0	0.00000	1	TF_138_1258_1259_1258_2.MP4	21240	29.97003
138	0	0	0.00000	1	TF_138_1258_1259_1258_3.MP4	21240	29.97003
138	0	0	0.00000	1	TF_138_1258_1259_1258_4.MP4	21240	29.97003
138	0	0	0.00000	1	TF_138_1258_1259_1258_5.MP4	21240	29.97003
138	0	0	0.00000	1	TF_138_1258_1259_1258_6.MP4	21240	29.97003
138	0	0	0.00000	1	TF_138_1258_1259_1258_7.MP4	7035	29.97003
138	1	0	0.00000	1	TF_138_1258_1259_1259_1.MP4	21780	29.97003
138	1	0	0.00000	1	TF_138_1258_1259_1259_2.MP4	21240	29.97003
138	1	0	0.00000	1	TF_138_1258_1259_1259_3.MP4	21240	29.97003
138	1	0	0.00000	1	TF_138_1258_1259_1259_4.MP4	21240	29.97003
138	1	0	0.00000	1	TF_138_1258_1259_1259_5.MP4	21240	29.97003
138	1	0	0.00000	1	TF_138_1258_1259_1259_6.MP4	21240	29.97003
138	1	0	0.00000	1	TF_138_1258_1259_1259_7.MP4	9634	29.97003
142	0	0	0.00000	1	TF_142_1260_1261_1260_1.MP4	21720	29.97003
142	0	0	0.00000	1	TF_142_1260_1261_1260_2.MP4	21240	29.97003
142	0	0	0.00000	1	TF_142_1260_1261_1260_3.MP4	21240	29.97003
142	0	0	0.00000	1	TF_142_1260_1261_1260_4.MP4	21240	29.97003
142	0	0	0.00000	1	TF_142_1260_1261_1260_5.MP4	21240	29.97003
142	0	0	0.00000	1	TF_142_1260_1261_1260_6.MP4	21240	29.97003
142	1	0	0.00000	1	TF_142_1260_1261_1261_1.MP4	21840	29.97003
142	1	0	0.00000	1	TF_142_1260_1261_1261_2.MP4	21240	29.97003
142	1	0	0.00000	1	TF_142_1260_1261_1261_3.MP4	21240	29.97003
142	1	0	0.00000	1	TF_142_1260_1261_1261_4.MP4	21240	29.97003
142	1	0	0.00000	1	TF_142_1260_1261_1261_5.MP4	21240	29.97003
142	1	0	0.00000	1	TF_142_1260_1261_1261_6.MP4	21240	29.97003
142	1	0	0.00000	1	TF_142_1260_1261_1261_7.MP4	18773	29.97003
143	0	0	0.00000	1	TF_143_1262_1263_1262_1.MP4	21930	29.97003
143	0	0	0.00000	1	TF_143_1262_1263_1262_2.MP4	21240	29.97003
143	0	0	0.00000	1	TF_143_1262_1263_1262_3.MP4	21240	29.97003
143	0	0	0.00000	1	TF_143_1262_1263_1262_4.MP4	21240	29.97003
143	0	0	0.00000	1	TF_143_1262_1263_1262_5.MP4	21240	29.97003
143	0	0	0.00000	1	TF_143_1262_1263_1262_6.MP4	21240	29.97003
143	0	0	0.00000	1	TF_143_1262_1263_1262_7.MP4	20405	29.97003
143	1	0	0.00000	1	TF_143_1262_1263_1263_1.MP4	22050	29.97003
143	1	0	0.00000	1	TF_143_1262_1263_1263_2.MP4	21240	29.97003
143	1	0	0.00000	1	TF_143_1262_1263_1263_3.MP4	21240	29.97003
143	1	0	0.00000	1	TF_143_1262_1263_1263_4.MP4	21210	29.97003
143	1	0	0.00000	1	TF_143_1262_1263_1263_5.MP4	21240	29.97003
143	1	0	0.00000	1	TF_143_1262_1263_1263_6.MP4	21240	29.97003
143	1	0	0.00000	1	TF_143_1262_1263_1263_7.MP4	16897	29.97003
144	0	0	0.00000	0	TF_144_286_287_286.avi	113370	25.00000
144	1	0	0.00000	0	TF_144_286_287_287.avi	113053	25.00000
145	0	0	0.00000	1	TF_145_406_407_406.avi	114960	25.00000
145	1	0	0.00000	1	TF_145_406_407_407.avi	115044	25.00000
146	0	0	0.00000	1	TF_146_1258_1259_1259_1.MP4	21960	29.97003
146	0	0	0.00000	1	TF_146_1258_1259_1259_2.MP4	21240	29.97003
146	0	0	0.00000	1	TF_146_1258_1259_1259_3.MP4	21240	29.97003
146	0	0	0.00000	1	TF_146_1258_1259_1259_4.MP4	21240	29.97003
146	0	0	0.00000	1	TF_146_1258_1259_1259_5.MP4	21240	29.97003
146	0	0	0.00000	1	TF_146_1258_1259_1259_6.MP4	21960	29.97003
146	1	0	0.00000	1	TF_146_1258_1259_1258_1.MP4	21720	29.97003
146	1	0	0.00000	1	TF_146_1258_1259_1258_2.MP4	21240	29.97003
146	1	0	0.00000	1	TF_146_1258_1259_1258_3.MP4	21240	29.97003
146	1	0	0.00000	1	TF_146_1258_1259_1258_4.MP4	21240	29.97003
146	1	0	0.00000	1	TF_146_1258_1259_1258_5.MP4	21240	29.97003
146	1	0	0.00000	1	TF_146_1258_1259_1258_6.MP4	21618	29.97003
147	0	0	0.00000	1	TF_147_1260_1261_1260_1.MP4	21990	29.97003
147	0	0	0.00000	1	TF_147_1260_1261_1260_2.MP4	21240	29.97003
147	0	0	0.00000	1	TF_147_1260_1261_1260_3.MP4	21240	29.97003
147	0	0	0.00000	1	TF_147_1260_1261_1260_4.MP4	21240	29.97003
147	0	0	0.00000	1	TF_147_1260_1261_1260_5.MP4	21240	29.97003
147	0	0	0.00000	1	TF_147_1260_1261_1260_6.MP4	21240	29.97003
147	0	0	0.00000	1	TF_147_1260_1261_1260_7.MP4	21240	29.97003
147	0	0	0.00000	1	TF_147_1260_1261_1260_8.MP4	9805	29.97003
147	1	0	0.00000	1	TF_147_1260_1261_1261_1.MP4	21750	29.97003
147	1	0	0.00000	1	TF_147_1260_1261_1261_2.MP4	21240	29.97003
147	1	0	0.00000	1	TF_147_1260_1261_1261_3.MP4	21240	29.97003
147	1	0	0.00000	1	TF_147_1260_1261_1261_4.MP4	21240	29.97003
147	1	0	0.00000	1	TF_147_1260_1261_1261_5.MP4	21240	29.97003
147	1	0	0.00000	1	TF_147_1260_1261_1261_6.MP4	21240	29.97003
147	1	0	0.00000	1	TF_147_1260_1261_1261_7.MP4	21240	29.97003
147	1	0	0.00000	1	TF_147_1260_1261_1261_8.MP4	7178	29.97003
148	0	0	0.00000	1	TF_148_1262_1263_1262_1.MP4	21780	29.97003
148	0	0	0.00000	1	TF_148_1262_1263_1262_2.MP4	21240	29.97003
148	0	0	0.00000	1	TF_148_1262_1263_1262_3.MP4	21240	29.97003
148	0	0	0.00000	1	TF_148_1262_1263_1262_4.MP4	21240	29.97003
148	0	0	0.00000	1	TF_148_1262_1263_1262_5.MP4	21240	29.97003
148	0	0	0.00000	1	TF_148_1262_1263_1262_6.MP4	21240	29.97003
148	0	0	0.00000	1	TF_148_1262_1263_1262_7.MP4	21240	29.97003
148	0	0	0.00000	1	TF_148_1262_1263_1262_8.MP4	11729	29.97003
148	1	0	0.00000	1	TF_148_1262_1263_1263_1.MP4	21630	29.97003
148	1	0	0.00000	1	TF_148_1262_1263_1263_2.MP4	21240	29.97003
148	1	0	0.00000	1	TF_148_1262_1263_1263_3.MP4	21240	29.97003
148	1	0	0.00000	1	TF_148_1262_1263_1263_4.MP4	21240	29.97003
148	1	0	0.00000	1	TF_148_1262_1263_1263_5.MP4	21240	29.97003
148	1	0	0.00000	1	TF_148_1262_1263_1263_6.MP4	21240	29.97003
148	1	0	0.00000	1	TF_148_1262_1263_1263_7.MP4	21240	29.97003
148	1	0	0.00000	1	TF_148_1262_1263_1263_8.MP4	15431	29.97003
149	0	0	0.00000	1	TF_149_1262_1263_1262_1.MP4	21690	29.97003
149	0	0	0.00000	1	TF_149_1262_1263_1262_2.MP4	21240	29.97003
149	0	0	0.00000	1	TF_149_1262_1263_1262_3.MP4	21240	29.97003
149	0	0	0.00000	1	TF_149_1262_1263_1262_4.MP4	21240	29.97003
149	0	0	0.00000	1	TF_149_1262_1263_1262_5.MP4	21240	29.97003
149	0	0	0.00000	1	TF_149_1262_1263_1262_6.MP4	21240	29.97003
149	0	0	0.00000	1	TF_149_1262_1263_1262_7.MP4	13683	29.97003
149	1	0	0.00000	1	TF_149_1262_1263_1263_1.MP4	21810	29.97003
149	1	0	0.00000	1	TF_149_1262_1263_1263_2.MP4	21240	29.97003
149	1	0	0.00000	1	TF_149_1262_1263_1263_3.MP4	21240	29.97003
149	1	0	0.00000	1	TF_149_1262_1263_1263_4.MP4	21240	29.97003
149	1	0	0.00000	1	TF_149_1262_1263_1263_5.MP4	21240	29.97003
149	1	0	0.00000	1	TF_149_1262_1263_1263_6.MP4	21240	29.97003
149	1	0	0.00000	1	TF_149_1262_1263_1263_7.MP4	10296	29.97003
150	0	0	0.00000	1	TF_150_1260_1261_1260_1.MP4	21840	29.97003
150	0	0	0.00000	1	TF_150_1260_1261_1260_2.MP4	21240	29.97003
150	0	0	0.00000	1	TF_150_1260_1261_1260_3.MP4	21240	29.97003
150	0	0	0.00000	1	TF_150_1260_1261_1260_4.MP4	21240	29.97003
150	0	0	0.00000	1	TF_150_1260_1261_1260_5.MP4	21240	29.97003
150	0	0	0.00000	1	TF_150_1260_1261_1260_6.MP4	21240	29.97003
150	0	0	0.00000	1	TF_150_1260_1261_1260_7.MP4	15358	29.97003
150	1	0	0.00000	1	TF_150_1260_1261_1261_1.MP4	21960	29.97003
150	1	0	0.00000	1	TF_150_1260_1261_1261_2.MP4	21240	29.97003
150	1	0	0.00000	1	TF_150_1260_1261_1261_3.MP4	21240	29.97003
150	1	0	0.00000	1	TF_150_1260_1261_1261_4.MP4	21240	29.97003
150	1	0	0.00000	1	TF_150_1260_1261_1261_5.MP4	21240	29.97003
150	1	0	0.00000	1	TF_150_1260_1261_1261_6.MP4	21240	29.97003
150	1	0	0.00000	1	TF_150_1260_1261_1261_7.MP4	15637	29.97003
160	0	0	0.00000	1	TF_160_286_287_286.avi	112956	25.00000
160	1	0	0.00000	1	TF_160_286_287_287.avi	114000	25.00000
161	0	0	0.00000	1	TF_161_1258_1259_1258_1.MP4	21930	29.97003
161	0	0	0.00000	1	TF_161_1258_1259_1258_2.MP4	21240	29.97003
161	0	0	0.00000	1	TF_161_1258_1259_1258_3.MP4	21240	29.97003
161	0	0	0.00000	1	TF_161_1258_1259_1258_4.MP4	21240	29.97003
161	0	0	0.00000	1	TF_161_1258_1259_1258_5.MP4	21240	29.97003
161	0	0	0.00000	1	TF_161_1258_1259_1258_6.MP4	22200	29.97003
161	1	0	0.00000	1	TF_161_1258_1259_1259_1.MP4	22080	29.97003
161	1	0	0.00000	1	TF_161_1258_1259_1259_2.MP4	21240	29.97003
161	1	0	0.00000	1	TF_161_1258_1259_1259_3.MP4	21240	29.97003
161	1	0	0.00000	1	TF_161_1258_1259_1259_4.MP4	21240	29.97003
161	1	0	0.00000	1	TF_161_1258_1259_1259_5.MP4	21240	29.97003
161	1	0	0.00000	1	TF_161_1258_1259_1259_6.MP4	21900	29.97003
161	1	0	0.00000	1	TF_161_1258_1259_1259_7.MP4	3746	29.97003
162	0	0	0.00000	0	TF_162_282_283_282.avi	109091	25.00000
162	1	0	0.00000	0	TF_162_282_283_283.avi	105683	25.00000
163	0	0	0.00000	0	TF_163_286_287_286.avi	108083	25.00000
163	1	0	0.00000	0	TF_163_286_287_287.avi	114907	25.00000
164	0	0	0.00000	1	TF_164_1262_1263_1262_1.MP4	21720	29.97003
164	0	0	0.00000	1	TF_164_1262_1263_1262_2.MP4	21240	29.97003
164	0	0	0.00000	1	TF_164_1262_1263_1262_3.MP4	21240	29.97003
164	0	0	0.00000	1	TF_164_1262_1263_1262_4.MP4	21240	29.97003
164	0	0	0.00000	1	TF_164_1262_1263_1262_5.MP4	21210	29.97003
164	0	0	0.00000	1	TF_164_1262_1263_1262_6.MP4	20680	29.97003
164	1	0	0.00000	1	TF_164_1262_1263_1263_1.MP4	21960	29.97003
164	1	0	0.00000	1	TF_164_1262_1263_1263_2.MP4	21240	29.97003
164	1	0	0.00000	1	TF_164_1262_1263_1263_3.MP4	21240	29.97003
164	1	0	0.00000	1	TF_164_1262_1263_1263_4.MP4	21240	29.97003
164	1	0	0.00000	1	TF_164_1262_1263_1263_5.MP4	21240	29.97003
164	1	0	0.00000	1	TF_164_1262_1263_1263_6.MP4	20250	29.97003
165	0	0	0.00000	1	TF_165_282_283_282.avi	111322	25.00000
165	1	0	0.00000	1	TF_165_282_283_283.avi	35122	25.00000
166	0	0	0.00000	0	TF_166_406_407_406.avi	109440	25.00000
166	1	0	0.00000	0	TF_166_406_407_407.avi	113052	25.00000
167	0	0	0.00000	0	TF_167_406_407_406.avi	126852	25.00000
167	1	0	0.00000	0	TF_167_406_407_407.avi	128029	25.00000
168	0	0	0.00000	1	TF_168_1260_1261_1260_1.MP4	21870	29.97003
168	0	0	0.00000	1	TF_168_1260_1261_1260_2.MP4	21210	29.97003
168	0	0	0.00000	1	TF_168_1260_1261_1260_3.MP4	21240	29.97003
168	0	0	0.00000	1	TF_168_1260_1261_1260_4.MP4	21240	29.97003
168	0	0	0.00000	1	TF_168_1260_1261_1260_5.MP4	21240	29.97003
168	0	0	0.00000	1	TF_168_1260_1261_1260_6.MP4	21240	29.97003
168	0	0	0.00000	1	TF_168_1260_1261_1260_7.MP4	6901	29.97003
168	1	0	0.00000	1	TF_168_1260_1261_1261_1.MP4	22170	29.97003
168	1	0	0.00000	1	TF_168_1260_1261_1261_2.MP4	21240	29.97003
168	1	0	0.00000	1	TF_168_1260_1261_1261_3.MP4	21210	29.97003
168	1	0	0.00000	1	TF_168_1260_1261_1261_4.MP4	21240	29.97003
168	1	0	0.00000	1	TF_168_1260_1261_1261_5.MP4	21240	29.97003
168	1	0	0.00000	1	TF_168_1260_1261_1261_6.MP4	21240	29.97003
168	1	0	0.00000	1	TF_168_1260_1261_1261_7.MP4	9638	29.97003
170	0	0	0.00000	1	TF_170_286_287_287.avi	105895	25.00000
171	0	0	0.00000	1	TF_171_1258_1259_1258_1.MP4	21810	29.97003
171	0	0	0.00000	1	TF_171_1258_1259_1258_2.MP4	21240	29.97003
171	0	0	0.00000	1	TF_171_1258_1259_1258_3.MP4	21240	29.97003
171	0	0	0.00000	1	TF_171_1258_1259_1258_4.MP4	21240	29.97003
171	0	0	0.00000	1	TF_171_1258_1259_1258_5.MP4	21240	29.97003
171	0	0	0.00000	1	TF_171_1258_1259_1258_6.MP4	22470	29.97003
171	1	0	0.00000	1	TF_171_1258_1259_1259_1.MP4	21930	29.97003
171	1	0	0.00000	1	TF_171_1258_1259_1259_2.MP4	21240	29.97003
171	1	0	0.00000	1	TF_171_1258_1259_1259_3.MP4	21240	29.97003
171	1	0	0.00000	1	TF_171_1258_1259_1259_4.MP4	21240	29.97003
171	1	0	0.00000	1	TF_171_1258_1259_1259_5.MP4	21240	29.97003
171	1	0	0.00000	1	TF_171_1258_1259_1259_6.MP4	21750	29.97003
172	0	0	0.00000	1	TF_172_286_287_287.avi	9659	25.00000
173	0	0	0.00000	1	TF_173_406_407_407.avi	113556	25.00000
173	1	0	0.00000	1	TF_173_406_407_406.avi	112069	25.00000
175	0	0	0.00000	1	TF_175_1260_1261_1260_1.MP4	21660	29.97003
175	0	0	0.00000	1	TF_175_1260_1261_1260_2.MP4	21240	29.97003
175	0	0	0.00000	1	TF_175_1260_1261_1260_3.MP4	21240	29.97003
175	0	0	0.00000	1	TF_175_1260_1261_1260_4.MP4	21240	29.97003
175	0	0	0.00000	1	TF_175_1260_1261_1260_5.MP4	21240	29.97003
175	0	0	0.00000	1	TF_175_1260_1261_1260_6.MP4	22890	29.97003
175	1	0	0.00000	1	TF_175_1260_1261_1261_1.MP4	21840	29.97003
175	1	0	0.00000	1	TF_175_1260_1261_1261_2.MP4	21240	29.97003
175	1	0	0.00000	1	TF_175_1260_1261_1261_3.MP4	21240	29.97003
175	1	0	0.00000	1	TF_175_1260_1261_1261_4.MP4	21240	29.97003
175	1	0	0.00000	1	TF_175_1260_1261_1261_5.MP4	21240	29.97003
175	1	0	0.00000	1	TF_175_1260_1261_1261_6.MP4	22650	29.97003
176	0	0	0.00000	1	TF_176_1262_1263_1262_1.MP4	21960	29.97003
176	0	0	0.00000	1	TF_176_1262_1263_1262_2.MP4	21240	29.97003
176	0	0	0.00000	1	TF_176_1262_1263_1262_3.MP4	21240	29.97003
176	0	0	0.00000	1	TF_176_1262_1263_1262_4.MP4	21240	29.97003
176	0	0	0.00000	1	TF_176_1262_1263_1262_5.MP4	21240	29.97003
176	0	0	0.00000	1	TF_176_1262_1263_1262_6.MP4	21240	29.97003
176	0	0	0.00000	1	TF_176_1262_1263_1262_7.MP4	18140	29.97003
176	1	0	0.00000	1	TF_176_1262_1263_1263_1.MP4	21780	29.97003
176	1	0	0.00000	1	TF_176_1262_1263_1263_2.MP4	21240	29.97003
176	1	0	0.00000	1	TF_176_1262_1263_1263_3.MP4	21240	29.97003
176	1	0	0.00000	1	TF_176_1262_1263_1263_4.MP4	21240	29.97003
176	1	0	0.00000	1	TF_176_1262_1263_1263_5.MP4	21240	29.97003
176	1	0	0.00000	1	TF_176_1262_1263_1263_6.MP4	21240	29.97003
176	1	0	0.00000	1	TF_176_1262_1263_1263_7.MP4	22298	29.97003
178	0	0	0.00000	0	TF_178_282_283_282.avi	115726	25.00000
178	1	0	0.00000	0	TF_178_282_283_283.avi	48431	25.00000
179	0	0	0.00000	1	TF_179_1262_1263_1262_1.MP4	21570	29.97003
179	0	0	0.00000	1	TF_179_1262_1263_1262_2.MP4	21240	29.97003
179	0	0	0.00000	1	TF_179_1262_1263_1262_3.MP4	21240	29.97003
179	0	0	0.00000	1	TF_179_1262_1263_1262_4.MP4	21240	29.97003
179	0	0	0.00000	1	TF_179_1262_1263_1262_5.MP4	21240	29.97003
179	0	0	0.00000	1	TF_179_1262_1263_1262_6.MP4	21240	29.97003
179	0	0	0.00000	1	TF_179_1262_1263_1262_7.MP4	21810	29.97003
179	1	0	0.00000	1	TF_179_1262_1263_1263_1.MP4	21510	29.97003
179	1	0	0.00000	1	TF_179_1262_1263_1263_2.MP4	21240	29.97003
179	1	0	0.00000	1	TF_179_1262_1263_1263_3.MP4	21240	29.97003
179	1	0	0.00000	1	TF_179_1262_1263_1263_4.MP4	21240	29.97003
179	1	0	0.00000	1	TF_179_1262_1263_1263_5.MP4	21240	29.97003
179	1	0	0.00000	1	TF_179_1262_1263_1263_6.MP4	21240	29.97003
179	1	0	0.00000	1	TF_179_1262_1263_1263_7.MP4	21690	29.97003
180	0	0	0.00000	1	TF_180_286_287_286.avi	131076	25.00000
180	1	0	0.00000	1	TF_180_286_287_287.avi	132021	25.00000
181	0	0	0.00000	1	TF_181_1258_1259_1258_1.MP4	21270	29.97003
181	0	0	0.00000	1	TF_181_1258_1259_1258_2.MP4	21240	29.97003
181	0	0	0.00000	1	TF_181_1258_1259_1258_3.MP4	21240	29.97003
181	0	0	0.00000	1	TF_181_1258_1259_1258_4.MP4	21240	29.97003
181	0	0	0.00000	1	TF_181_1258_1259_1258_5.MP4	21210	29.97003
181	0	0	0.00000	1	TF_181_1258_1259_1258_6.MP4	21240	29.97003
181	0	0	0.00000	1	TF_181_1258_1259_1258_7.MP4	21480	29.97003
181	1	0	0.00000	1	TF_181_1258_1259_1259_1.MP4	21270	29.97003
181	1	0	0.00000	1	TF_181_1258_1259_1259_2.MP4	21240	29.97003
181	1	0	0.00000	1	TF_181_1258_1259_1259_3.MP4	21240	29.97003
181	1	0	0.00000	1	TF_181_1258_1259_1259_4.MP4	21240	29.97003
181	1	0	0.00000	1	TF_181_1258_1259_1259_5.MP4	21240	29.97003
181	1	0	0.00000	1	TF_181_1258_1259_1259_6.MP4	21240	29.97003
181	1	0	0.00000	1	TF_181_1258_1259_1259_7.MP4	21330	29.97003
181	1	0	0.00000	1	TF_181_1258_1259_1259_8.MP4	8631	29.97003
182	0	0	0.00000	0	TF_182_406_407_407.avi	117528	25.00000
183	0	0	0.00000	1	TF_183_406_407_407.avi	114877	25.00000
183	1	0	0.00000	1	TF_183_406_407_406.avi	113053	25.00000
184	0	0	0.00000	1	TF_184_1262_1263_1262_1.MP4	21510	29.97003
184	0	0	0.00000	1	TF_184_1262_1263_1262_2.MP4	21210	29.97003
184	0	0	0.00000	1	TF_184_1262_1263_1262_3.MP4	21240	29.97003
184	0	0	0.00000	1	TF_184_1262_1263_1262_4.MP4	21240	29.97003
184	0	0	0.00000	1	TF_184_1262_1263_1262_5.MP4	21240	29.97003
184	0	0	0.00000	1	TF_184_1262_1263_1262_6.MP4	21240	29.97003
184	0	0	0.00000	1	TF_184_1262_1263_1262_7.MP4	16302	29.97003
184	1	0	0.00000	1	TF_184_1262_1263_1263_1.MP4	21630	29.97003
184	1	0	0.00000	1	TF_184_1262_1263_1263_2.MP4	21240	29.97003
184	1	0	0.00000	1	TF_184_1262_1263_1263_3.MP4	21240	29.97003
184	1	0	0.00000	1	TF_184_1262_1263_1263_4.MP4	21240	29.97003
184	1	0	0.00000	1	TF_184_1262_1263_1263_5.MP4	21240	29.97003
184	1	0	0.00000	1	TF_184_1262_1263_1263_6.MP4	21240	29.97003
184	1	0	0.00000	1	TF_184_1262_1263_1263_7.MP4	15000	29.97003
185	0	0	0.00000	1	TF_185_406_407_406.avi	122184	25.00000
185	1	0	0.00000	1	TF_185_406_407_407.avi	126156	25.00000
186	0	0	0.00000	0	TF_186_282_283_282.avi	128044	25.00000
186	1	0	0.00000	0	TF_186_282_283_283.avi	125661	25.00000
187	0	0	0.00000	1	TF_187_1260_1261_1260_1.MP4	21390	29.97003
187	0	0	0.00000	1	TF_187_1260_1261_1260_2.MP4	21240	29.97003
187	0	0	0.00000	1	TF_187_1260_1261_1260_3.MP4	21240	29.97003
187	0	0	0.00000	1	TF_187_1260_1261_1260_4.MP4	21240	29.97003
187	0	0	0.00000	1	TF_187_1260_1261_1260_5.MP4	21240	29.97003
187	0	0	0.00000	1	TF_187_1260_1261_1260_6.MP4	21240	29.97003
187	0	0	0.00000	1	TF_187_1260_1261_1260_7.MP4	21330	29.97003
187	0	0	0.00000	1	TF_187_1260_1261_1260_8.MP4	16282	29.97003
187	1	0	0.00000	1	TF_187_1262_1263_1263_1.MP4	21270	29.97003
187	1	0	0.00000	1	TF_187_1262_1263_1263_2.MP4	21240	29.97003
187	1	0	0.00000	1	TF_187_1262_1263_1263_3.MP4	21240	29.97003
187	1	0	0.00000	1	TF_187_1262_1263_1263_4.MP4	21240	29.97003
187	1	0	0.00000	1	TF_187_1262_1263_1263_5.MP4	21240	29.97003
187	1	0	0.00000	1	TF_187_1262_1263_1263_6.MP4	21240	29.97003
187	1	0	0.00000	1	TF_187_1262_1263_1263_7.MP4	21510	29.97003
201	0	0	0.00000	0	TF_201_282_283_283.avi	102176	25.00000
201	1	0	0.00000	0	TF_201_282_283_282.avi	60921	25.00000
202	0	0	0.00000	0	TF_202_286_287_287.avi	102299	25.00000
203	0	0	0.00000	0	TF_203_286_287_286.avi	102768	25.00000
203	1	0	0.00000	0	TF_203_286_287_287.avi	106535	25.00000
204	0	0	0.00000	1	TF_204_1260_1261_1260_1.MP4	21930	29.97003
204	0	0	0.00000	1	TF_204_1260_1261_1260_2.MP4	21240	29.97003
204	0	0	0.00000	1	TF_204_1260_1261_1260_3.MP4	21240	29.97003
204	0	0	0.00000	1	TF_204_1260_1261_1260_4.MP4	21240	29.97003
204	0	0	0.00000	1	TF_204_1260_1261_1260_5.MP4	21240	29.97003
204	0	0	0.00000	1	TF_204_1260_1261_1260_6.MP4	21240	29.97003
204	0	0	0.00000	1	TF_204_1260_1261_1260_7.MP4	18743	29.97003
204	1	0	0.00000	1	TF_204_1260_1261_1261_1.MP4	22020	29.97003
204	1	0	0.00000	1	TF_204_1260_1261_1261_2.MP4	21240	29.97003
204	1	0	0.00000	1	TF_204_1260_1261_1261_3.MP4	21240	29.97003
204	1	0	0.00000	1	TF_204_1260_1261_1261_4.MP4	21240	29.97003
204	1	0	0.00000	1	TF_204_1260_1261_1261_5.MP4	21240	29.97003
204	1	0	0.00000	1	TF_204_1260_1261_1261_6.MP4	21240	29.97003
204	1	0	0.00000	1	TF_204_1260_1261_1261_7.MP4	15750	29.97003
205	0	0	0.00000	1	TF_205_1260_1261_1260_1.MP4	21750	29.97003
205	0	0	0.00000	1	TF_205_1260_1261_1260_2.MP4	21240	29.97003
205	0	0	0.00000	1	TF_205_1260_1261_1260_3.MP4	21240	29.97003
205	0	0	0.00000	1	TF_205_1260_1261_1260_4.MP4	21240	29.97003
205	0	0	0.00000	1	TF_205_1260_1261_1260_5.MP4	21240	29.97003
205	0	0	0.00000	1	TF_205_1260_1261_1260_6.MP4	21224	29.97003
205	1	0	0.00000	1	TF_205_1260_1261_1261_1.MP4	21660	29.97003
205	1	0	0.00000	1	TF_205_1260_1261_1261_2.MP4	21240	29.97003
205	1	0	0.00000	1	TF_205_1260_1261_1261_3.MP4	21240	29.97003
205	1	0	0.00000	1	TF_205_1260_1261_1261_4.MP4	21240	29.97003
205	1	0	0.00000	1	TF_205_1260_1261_1261_5.MP4	21240	29.97003
205	1	0	0.00000	1	TF_205_1260_1261_1261_6.MP4	20837	29.97003
206	0	0	0.00000	0	TF_206_286_287_286.avi	111336	25.00000
206	1	0	0.00000	0	TF_206_286_287_287.avi	109356	25.00000
207	0	0	0.00000	1	TF_207_1262_1263_1262_1.MP4	22080	29.97003
207	0	0	0.00000	1	TF_207_1262_1263_1262_2.MP4	21240	29.97003
207	0	0	0.00000	1	TF_207_1262_1263_1262_3.MP4	21240	29.97003
207	0	0	0.00000	1	TF_207_1262_1263_1262_4.MP4	21240	29.97003
207	0	0	0.00000	1	TF_207_1262_1263_1262_5.MP4	21240	29.97003
207	0	0	0.00000	1	TF_207_1262_1263_1262_6.MP4	21810	29.97003
207	0	0	0.00000	1	TF_207_1262_1263_1262_7.MP4	4444	29.97003
207	1	0	0.00000	1	TF_207_1262_1263_1263_1.MP4	22110	29.97003
207	1	0	0.00000	1	TF_207_1262_1263_1263_2.MP4	21240	29.97003
207	1	0	0.00000	1	TF_207_1262_1263_1263_3.MP4	21240	29.97003
207	1	0	0.00000	1	TF_207_1262_1263_1263_4.MP4	21240	29.97003
207	1	0	0.00000	1	TF_207_1262_1263_1263_5.MP4	21240	29.97003
207	1	0	0.00000	1	TF_207_1262_1263_1263_6.MP4	21960	29.97003
207	1	0	0.00000	1	TF_207_1262_1263_1263_7.MP4	5188	29.97003
208	0	0	0.00000	1	TF_208_1260_1261_1260_1.MP4	21870	29.97003
208	0	0	0.00000	1	TF_208_1260_1261_1260_2.MP4	21240	29.97003
208	0	0	0.00000	1	TF_208_1260_1261_1260_3.MP4	21240	29.97003
208	0	0	0.00000	1	TF_208_1260_1261_1260_4.MP4	21240	29.97003
208	0	0	0.00000	1	TF_208_1260_1261_1260_5.MP4	21240	29.97003
208	0	0	0.00000	1	TF_208_1260_1261_1260_6.MP4	21240	29.97003
208	0	0	0.00000	1	TF_208_1260_1261_1260_7.MP4	12870	29.97003
208	1	0	0.00000	1	TF_208_1260_1261_1261_1.MP4	21990	29.97003
208	1	0	0.00000	1	TF_208_1260_1261_1261_2.MP4	21240	29.97003
208	1	0	0.00000	1	TF_208_1260_1261_1261_3.MP4	21240	29.97003
208	1	0	0.00000	1	TF_208_1260_1261_1261_4.MP4	21240	29.97003
208	1	0	0.00000	1	TF_208_1260_1261_1261_5.MP4	21240	29.97003
208	1	0	0.00000	1	TF_208_1260_1261_1261_6.MP4	21270	29.97003
208	1	0	0.00000	1	TF_208_1260_1261_1261_7.MP4	11661	29.97003
209	0	0	0.00000	1	TF_209_1258_1259_1259_1.MP4	21990	29.97003
209	0	0	0.00000	1	TF_209_1258_1259_1259_2.MP4	21240	29.97003
209	0	0	0.00000	1	TF_209_1258_1259_1259_3.MP4	21240	29.97003
209	0	0	0.00000	1	TF_209_1258_1259_1259_4.MP4	21240	29.97003
209	0	0	0.00000	1	TF_209_1258_1259_1259_5.MP4	21240	29.97003
209	0	0	0.00000	1	TF_209_1258_1259_1259_6.MP4	22560	29.97003
210	0	0	0.00000	1	TF_210_1258_1259_1258_1.MP4	21840	29.97003
210	0	0	0.00000	1	TF_210_1258_1259_1258_2.MP4	21240	29.97003
210	0	0	0.00000	1	TF_210_1258_1259_1258_3.MP4	21240	29.97003
210	0	0	0.00000	1	TF_210_1258_1259_1258_4.MP4	21240	29.97003
210	0	0	0.00000	1	TF_210_1258_1259_1258_5.MP4	21240	29.97003
210	0	0	0.00000	1	TF_210_1258_1259_1258_6.MP4	21240	29.97003
210	0	0	0.00000	1	TF_210_1258_1259_1258_7.MP4	9765	29.97003
211	0	0	0.00000	1	TF_211_1260_1261_1260_1.MP4	21600	29.97003
211	0	0	0.00000	1	TF_211_1260_1261_1260_2.MP4	21240	29.97003
211	0	0	0.00000	1	TF_211_1260_1261_1260_3.MP4	21240	29.97003
211	0	0	0.00000	1	TF_211_1260_1261_1260_4.MP4	21240	29.97003
211	0	0	0.00000	1	TF_211_1260_1261_1260_5.MP4	21240	29.97003
211	0	0	0.00000	1	TF_211_1260_1261_1260_6.MP4	18476	29.97003
211	1	0	0.00000	1	TF_211_1260_1261_1261_1.MP4	21840	29.97003
211	1	0	0.00000	1	TF_211_1260_1261_1261_2.MP4	21240	29.97003
211	1	0	0.00000	1	TF_211_1260_1261_1261_3.MP4	21240	29.97003
211	1	0	0.00000	1	TF_211_1260_1261_1261_4.MP4	21300	29.97003
211	1	0	0.00000	1	TF_211_1260_1261_1261_5.MP4	21240	29.97003
211	1	0	0.00000	1	TF_211_1260_1261_1261_6.MP4	18152	29.97003
212	0	0	0.00000	0	TF_212_282_283_282.avi	111851	25.00000
212	1	0	0.00000	0	TF_212_282_283_283.avi	107530	25.00000
213	0	0	0.00000	0	TF_213_286_287_286.avi	113555	25.00000
213	1	0	0.00000	0	TF_213_286_287_287.avi	99233	25.00000
214	0	0	0.00000	1	TF_214_1258_1259_1258_1.MP4	21570	29.97003
214	0	0	0.00000	1	TF_214_1258_1259_1258_2.MP4	21240	29.97003
214	0	0	0.00000	1	TF_214_1258_1259_1258_3.MP4	21240	29.97003
214	0	0	0.00000	1	TF_214_1258_1259_1258_4.MP4	21240	29.97003
214	0	0	0.00000	1	TF_214_1258_1259_1258_5.MP4	21240	29.97003
214	0	0	0.00000	1	TF_214_1258_1259_1258_6.MP4	16542	29.97003
214	1	0	0.00000	1	TF_214_1258_1259_1259_1.MP4	21750	29.97003
214	1	0	0.00000	1	TF_214_1258_1259_1259_2.MP4	21240	29.97003
214	1	0	0.00000	1	TF_214_1258_1259_1259_3.MP4	21240	29.97003
214	1	0	0.00000	1	TF_214_1258_1259_1259_4.MP4	21240	29.97003
214	1	0	0.00000	1	TF_214_1258_1259_1259_5.MP4	21270	29.97003
214	1	0	0.00000	1	TF_214_1258_1259_1259_6.MP4	18820	29.97003
215	0	0	0.00000	0	TF_215_406_407_406.avi	109608	25.00000
215	1	0	0.00000	0	TF_215_406_407_407.avi	113737	25.00000
216	0	0	0.00000	1	TF_216_282_283_282.avi	102416	25.00000
216	1	0	0.00000	1	TF_216_282_283_283.avi	111390	25.00000
217	0	0	0.00000	1	TF_217_1262_1263_1262_1.MP4	21750	29.97003
217	0	0	0.00000	1	TF_217_1262_1263_1262_2.MP4	21240	29.97003
217	0	0	0.00000	1	TF_217_1262_1263_1262_3.MP4	21240	29.97003
217	0	0	0.00000	1	TF_217_1262_1263_1262_4.MP4	21240	29.97003
217	0	0	0.00000	1	TF_217_1262_1263_1262_5.MP4	21240	29.97003
217	0	0	0.00000	1	TF_217_1262_1263_1262_6.MP4	21933	29.97003
217	1	0	0.00000	1	TF_217_1262_1263_1263_1.MP4	21870	29.97003
217	1	0	0.00000	1	TF_217_1262_1263_1263_2.MP4	21240	29.97003
217	1	0	0.00000	1	TF_217_1262_1263_1263_3.MP4	21240	29.97003
217	1	0	0.00000	1	TF_217_1262_1263_1263_4.MP4	21240	29.97003
217	1	0	0.00000	1	TF_217_1262_1263_1263_5.MP4	21240	29.97003
217	1	0	0.00000	1	TF_217_1262_1263_1263_6.MP4	22170	29.97003
217	1	0	0.00000	1	TF_217_1262_1263_1263_7.MP4	3564	29.97003
218	0	0	0.00000	1	TF_218_1258_1259_1258_1.MP4	21720	29.97003
218	0	0	0.00000	1	TF_218_1258_1259_1258_2.MP4	21240	29.97003
218	0	0	0.00000	1	TF_218_1258_1259_1258_3.MP4	21270	29.97003
218	0	0	0.00000	1	TF_218_1258_1259_1258_4.MP4	21240	29.97003
218	0	0	0.00000	1	TF_218_1258_1259_1258_5.MP4	21240	29.97003
218	0	0	0.00000	1	TF_218_1258_1259_1258_6.MP4	22410	29.97003
218	1	0	0.00000	1	TF_218_1258_1259_1259_1.MP4	21540	29.97003
218	1	0	0.00000	1	TF_218_1258_1259_1259_2.MP4	21240	29.97003
218	1	0	0.00000	1	TF_218_1258_1259_1259_3.MP4	21240	29.97003
218	1	0	0.00000	1	TF_218_1258_1259_1259_4.MP4	21240	29.97003
218	1	0	0.00000	1	TF_218_1258_1259_1259_5.MP4	21240	29.97003
218	1	0	0.00000	1	TF_218_1258_1259_1259_6.MP4	21990	29.97003
218	1	0	0.00000	1	TF_218_1258_1259_1259_7.MP4	1254	29.97003
219	0	0	0.00000	1	TF_219_406_407_406.avi	110220	25.00000
219	1	0	0.00000	1	TF_219_406_407_407.avi	109512	25.00000
220	0	0	0.00000	1	TF_220_1262_1263_1262_1.MP4	21630	29.97003
220	0	0	0.00000	1	TF_220_1262_1263_1262_2.MP4	21210	29.97003
220	0	0	0.00000	1	TF_220_1262_1263_1262_3.MP4	21240	29.97003
220	0	0	0.00000	1	TF_220_1262_1263_1262_4.MP4	21240	29.97003
220	0	0	0.00000	1	TF_220_1262_1263_1262_5.MP4	21240	29.97003
220	0	0	0.00000	1	TF_220_1262_1263_1262_6.MP4	21900	29.97003
220	0	0	0.00000	1	TF_220_1262_1263_1262_7.MP4	7258	29.97003
220	1	0	0.00000	1	TF_220_1262_1263_1263_1.MP4	22470	29.97003
220	1	0	0.00000	1	TF_220_1262_1263_1263_2.MP4	21300	29.97003
220	1	0	0.00000	1	TF_220_1262_1263_1263_3.MP4	21240	29.97003
220	1	0	0.00000	1	TF_220_1262_1263_1263_4.MP4	21240	29.97003
220	1	0	0.00000	1	TF_220_1262_1263_1263_5.MP4	21240	29.97003
220	1	0	0.00000	1	TF_220_1262_1263_1263_6.MP4	22110	29.97003
220	1	0	0.00000	1	TF_220_1262_1263_1263_7.MP4	2813	29.97003
40	0	0	0.00000	1	TF_40_286_287_286.avi	113038	25.00000
40	1	0	0.00000	1	TF_40_286_287_287.avi	115041	25.00000
41	0	0	0.00000	1	TF_41_282_283_282.avi	113964	25.00000
41	1	0	0.00000	1	TF_41_282_283_283.avi	115164	25.00000
42	0	0	0.00000	1	TF_42_1258_1259_1259_1.MP4	21990	29.97003
42	0	0	0.00000	1	TF_42_1258_1259_1259_2.MP4	21240	29.97003
42	0	0	0.00000	1	TF_42_1258_1259_1259_3.MP4	21240	29.97003
42	0	0	0.00000	1	TF_42_1258_1259_1259_4.MP4	21240	29.97003
42	0	0	0.00000	1	TF_42_1258_1259_1259_5.MP4	21240	29.97003
42	0	0	0.00000	1	TF_42_1258_1259_1259_6.MP4	21240	29.97003
42	0	0	0.00000	1	TF_42_1258_1259_1259_7.MP4	22140	29.97003
42	0	0	0.00000	1	TF_42_1258_1259_1259_8.MP4	5711	29.97003
42	1	0	0.00000	1	TF_42_1258_1259_1258_1.MP4	21780	29.97003
42	1	0	0.00000	1	TF_42_1258_1259_1258_2.MP4	21240	29.97003
42	1	0	0.00000	1	TF_42_1258_1259_1258_3.MP4	21240	29.97003
42	1	0	0.00000	1	TF_42_1258_1259_1258_4.MP4	21240	29.97003
42	1	0	0.00000	1	TF_42_1258_1259_1258_5.MP4	21240	29.97003
42	1	0	0.00000	1	TF_42_1258_1259_1258_6.MP4	21240	29.97003
42	1	0	0.00000	1	TF_42_1258_1259_1258_7.MP4	21270	29.97003
43	0	0	0.00000	1	TF_43_406_407_407.avi	112344	25.00000
43	1	0	0.00000	1	TF_43_406_407_406.avi	111864	25.00000
44	0	0	0.00000	1	TF_44_1262_1263_1262_1.MP4	22470	29.97003
44	0	0	0.00000	1	TF_44_1262_1263_1262_2.MP4	21240	29.97003
44	0	0	0.00000	1	TF_44_1262_1263_1262_3.MP4	21240	29.97003
44	0	0	0.00000	1	TF_44_1262_1263_1262_4.MP4	21240	29.97003
44	0	0	0.00000	1	TF_44_1262_1263_1262_5.MP4	21210	29.97003
44	0	0	0.00000	1	TF_44_1262_1263_1262_6.MP4	21240	29.97003
44	0	0	0.00000	1	TF_44_1262_1263_1262_7.MP4	19179	29.97003
44	1	0	0.00000	1	TF_44_1262_1263_1263_1.MP4	22650	29.97003
44	1	0	0.00000	1	TF_44_1262_1263_1263_2.MP4	21240	29.97003
44	1	0	0.00000	1	TF_44_1262_1263_1263_3.MP4	21240	29.97003
44	1	0	0.00000	1	TF_44_1262_1263_1263_4.MP4	21240	29.97003
44	1	0	0.00000	1	TF_44_1262_1263_1263_5.MP4	21240	29.97003
44	1	0	0.00000	1	TF_44_1262_1263_1263_6.MP4	21240	29.97003
44	1	0	0.00000	1	TF_44_1262_1263_1263_7.MP4	20696	29.97003
47	0	0	0.00000	1	TF_47_1260_1261_1260_Rotated_1.MP4	22350	29.97003
47	0	0	0.00000	1	TF_47_1260_1261_1260_Rotated_2.MP4	21240	29.97003
47	0	0	0.00000	1	TF_47_1260_1261_1260_Rotated_3.MP4	21240	29.97003
47	0	0	0.00000	1	TF_47_1260_1261_1260_Rotated_4.MP4	21240	29.97003
47	0	0	0.00000	1	TF_47_1260_1261_1260_Rotated_5.MP4	21240	29.97003
47	0	0	0.00000	1	TF_47_1260_1261_1260_Rotated_6.MP4	21240	29.97003
47	0	0	0.00000	1	TF_47_1260_1261_1260_Rotated_7.MP4	22860	29.97003
47	1	0	0.00000	1	TF_47_1260_1261_1261_1.MP4	22380	29.97003
47	1	0	0.00000	1	TF_47_1260_1261_1261_2.MP4	21240	29.97003
47	1	0	0.00000	1	TF_47_1260_1261_1261_3.MP4	21240	29.97003
47	1	0	0.00000	1	TF_47_1260_1261_1261_4.MP4	21240	29.97003
47	1	0	0.00000	1	TF_47_1260_1261_1261_5.MP4	21240	29.97003
47	1	0	0.00000	1	TF_47_1260_1261_1261_6.MP4	21240	29.97003
47	1	0	0.00000	1	TF_47_1260_1261_1261_7.MP4	23160	29.97003
49	0	0	0.00000	1	TF_49_1258_1259_1258_1.MP4	21360	29.97003
49	0	0	0.00000	1	TF_49_1258_1259_1258_2.MP4	21240	29.97003
49	0	0	0.00000	1	TF_49_1258_1259_1258_3.MP4	21240	29.97003
49	0	0	0.00000	1	TF_49_1258_1259_1258_4.MP4	21210	29.97003
49	0	0	0.00000	1	TF_49_1258_1259_1258_5.MP4	21240	29.97003
49	0	0	0.00000	1	TF_49_1258_1259_1258_6.MP4	21390	29.97003
49	0	0	0.00000	1	TF_49_1258_1259_1258_7.MP4	5191	29.97003
49	1	0	0.00000	1	TF_49_1258_1259_1259_1.MP4	21450	29.97003
49	1	0	0.00000	1	TF_49_1258_1259_1259_2.MP4	21240	29.97003
49	1	0	0.00000	1	TF_49_1258_1259_1259_3.MP4	21240	29.97003
49	1	0	0.00000	1	TF_49_1258_1259_1259_4.MP4	21240	29.97003
49	1	0	0.00000	1	TF_49_1258_1259_1259_5.MP4	21240	29.97003
49	1	0	0.00000	1	TF_49_1258_1259_1259_6.MP4	21210	29.97003
49	1	0	0.00000	1	TF_49_1258_1259_1259_7.MP4	8175	29.97003
50	0	0	0.00000	0	TF_50_286_287_286.avi	119831	25.00000
50	1	0	0.00000	0	TF_50_286_287_287.avi	40679	25.00000
51	0	0	0.00000	0	TF_51_282_283_283.avi	118436	25.00000
51	1	0	0.00000	0	TF_51_282_283_282.avi	119926	25.00000
51	1	0	0.00000	0	TF_51_282_283_283.avi	118436	25.00000
52	0	0	0.00000	0	TF_52_286_287_286.avi	158160	25.00000
52	1	0	0.00000	0	TF_52_286_287_287.avi	193444	25.00000
53	0	0	0.00000	1	TF_53_1260_1261_1260_1.MP4	21540	29.97003
53	0	0	0.00000	1	TF_53_1260_1261_1260_2.MP4	21240	29.97003
53	0	0	0.00000	1	TF_53_1260_1261_1260_3.MP4	21240	29.97003
53	0	0	0.00000	1	TF_53_1260_1261_1260_4.MP4	21240	29.97003
53	0	0	0.00000	1	TF_53_1260_1261_1260_5.MP4	21240	29.97003
53	0	0	0.00000	1	TF_53_1260_1261_1260_6.MP4	21360	29.97003
53	0	0	0.00000	1	TF_53_1260_1261_1260_7.MP4	4781	29.97003
53	1	0	0.00000	1	TF_53_1260_1261_1261_1.MP4	21480	29.97003
53	1	0	0.00000	1	TF_53_1260_1261_1261_2.MP4	21240	29.97003
53	1	0	0.00000	1	TF_53_1260_1261_1261_3.MP4	21240	29.97003
53	1	0	0.00000	1	TF_53_1260_1261_1261_4.MP4	21240	29.97003
53	1	0	0.00000	1	TF_53_1260_1261_1261_5.MP4	21240	29.97003
53	1	0	0.00000	1	TF_53_1260_1261_1261_6.MP4	21420	29.97003
54	0	0	0.00000	1	TF_54_1260_1261_1260_1.MP4	22770	29.97003
54	0	0	0.00000	1	TF_54_1260_1261_1260_2.MP4	21240	29.97003
54	0	0	0.00000	1	TF_54_1260_1261_1260_3.MP4	21240	29.97003
54	0	0	0.00000	1	TF_54_1260_1261_1260_4.MP4	21240	29.97003
54	0	0	0.00000	1	TF_54_1260_1261_1260_5.MP4	21240	29.97003
54	0	0	0.00000	1	TF_54_1260_1261_1260_6.MP4	21240	29.97003
54	0	0	0.00000	1	TF_54_1260_1261_1260_7.MP4	8958	29.97003
54	1	0	0.00000	1	TF_54_1260_1261_1261_1.MP4	22710	29.97003
54	1	0	0.00000	1	TF_54_1260_1261_1261_2.MP4	21210	29.97003
54	1	0	0.00000	1	TF_54_1260_1261_1261_3.MP4	21240	29.97003
54	1	0	0.00000	1	TF_54_1260_1261_1261_4.MP4	21240	29.97003
54	1	0	0.00000	1	TF_54_1260_1261_1261_5.MP4	21240	29.97003
54	1	0	0.00000	1	TF_54_1260_1261_1261_6.MP4	21240	29.97003
54	1	0	0.00000	1	TF_54_1260_1261_1261_7.MP4	11930	29.97003
55	0	0	0.00000	0	TF_55_406_407_406.avi	123540	25.00000
55	1	0	0.00000	0	TF_55_406_407_407.avi	120900	25.00000
56	0	0	0.00000	1	TF_56_1262_1263_1263_1.MP4	21390	29.97003
56	0	0	0.00000	1	TF_56_1262_1263_1263_2.MP4	21240	29.97003
56	0	0	0.00000	1	TF_56_1262_1263_1263_3.MP4	21240	29.97003
56	0	0	0.00000	1	TF_56_1262_1263_1263_4.MP4	21240	29.97003
56	0	0	0.00000	1	TF_56_1262_1263_1263_5.MP4	21240	29.97003
56	0	0	0.00000	1	TF_56_1262_1263_1263_6.MP4	21480	29.97003
56	1	0	0.00000	1	TF_56_1262_1263_1262_1.MP4	21420	29.97003
56	1	0	0.00000	1	TF_56_1262_1263_1262_2.MP4	21240	29.97003
56	1	0	0.00000	1	TF_56_1262_1263_1262_3.MP4	21240	29.97003
56	1	0	0.00000	1	TF_56_1262_1263_1262_4.MP4	21240	29.97003
56	1	0	0.00000	1	TF_56_1262_1263_1262_5.MP4	21240	29.97003
56	1	0	0.00000	1	TF_56_1262_1263_1262_6.MP4	21330	29.97003
56	1	0	0.00000	1	TF_56_1262_1263_1262_7.MP4	7764	29.97003
57	0	0	0.00000	1	TF_57_1262_1263_1262_1.MP4	21720	29.97003
57	0	0	0.00000	1	TF_57_1262_1263_1262_2.MP4	21240	29.97003
57	0	0	0.00000	1	TF_57_1262_1263_1262_3.MP4	21240	29.97003
57	0	0	0.00000	1	TF_57_1262_1263_1262_4.MP4	21240	29.97003
57	0	0	0.00000	1	TF_57_1262_1263_1262_5.MP4	21240	29.97003
57	0	0	0.00000	1	TF_57_1262_1263_1262_6.MP4	21240	29.97003
57	0	0	0.00000	1	TF_57_1262_1263_1262_7.MP4	9847	29.97003
57	1	0	0.00000	1	TF_57_1262_1263_1263_1.MP4	21690	29.97003
57	1	0	0.00000	1	TF_57_1262_1263_1263_2.MP4	21240	29.97003
57	1	0	0.00000	1	TF_57_1262_1263_1263_3.MP4	21240	29.97003
57	1	0	0.00000	1	TF_57_1262_1263_1263_4.MP4	21240	29.97003
57	1	0	0.00000	1	TF_57_1262_1263_1263_5.MP4	21240	29.97003
57	1	0	0.00000	1	TF_57_1262_1263_1263_6.MP4	21240	29.97003
57	1	0	0.00000	1	TF_57_1262_1263_1263_7.MP4	13937	29.97003
61	0	0	0.00000	0	TF_61_406_407_406.avi	108433	25.00000
61	1	0	0.00000	0	TF_61_406_407_407.avi	109646	25.00000
62	0	0	0.00000	1	TF_62_1258_1259_1258_1.MP4	21570	29.97003
62	0	0	0.00000	1	TF_62_1258_1259_1258_2.MP4	21240	29.97003
62	0	0	0.00000	1	TF_62_1258_1259_1258_3.MP4	21240	29.97003
62	0	0	0.00000	1	TF_62_1258_1259_1258_4.MP4	21240	29.97003
62	0	0	0.00000	1	TF_62_1258_1259_1258_5.MP4	21240	29.97003
62	0	0	0.00000	1	TF_62_1258_1259_1258_6.MP4	21240	29.97003
62	0	0	0.00000	1	TF_62_1258_1259_1258_7.MP4	14596	29.97003
62	1	0	0.00000	1	TF_62_1258_1259_1259_1.MP4	21600	29.97003
62	1	0	0.00000	1	TF_62_1258_1259_1259_2.MP4	21240	29.97003
62	1	0	0.00000	1	TF_62_1258_1259_1259_3.MP4	21240	29.97003
62	1	0	0.00000	1	TF_62_1258_1259_1259_4.MP4	21240	29.97003
62	1	0	0.00000	1	TF_62_1258_1259_1259_5.MP4	21240	29.97003
62	1	0	0.00000	1	TF_62_1258_1259_1259_6.MP4	21210	29.97003
62	1	0	0.00000	1	TF_62_1258_1259_1259_7.MP4	13330	29.97003
63	0	0	0.00000	1	TF_63_282_283_282.avi	102828	25.00000
67	0	0	0.00000	1	TF_67_282_283_282.avi	154115	25.00000
67	1	0	0.00000	1	TF_67_282_283_283.avi	33252	25.00000
68	0	0	0.00000	1	TF_68_1258_1259_1258_1.MP4	21330	29.97003
68	0	0	0.00000	1	TF_68_1258_1259_1258_2.MP4	21240	29.97003
68	0	0	0.00000	1	TF_68_1258_1259_1258_3.MP4	21240	29.97003
68	0	0	0.00000	1	TF_68_1258_1259_1258_4.MP4	21240	29.97003
68	0	0	0.00000	1	TF_68_1258_1259_1258_5.MP4	21240	29.97003
68	0	0	0.00000	1	TF_68_1258_1259_1258_6.MP4	21240	29.97003
68	0	0	0.00000	1	TF_68_1258_1259_1258_7.MP4	21240	29.97003
68	1	0	0.00000	1	TF_68_1258_1259_1259_1.MP4	21360	29.97003
68	1	0	0.00000	1	TF_68_1258_1259_1259_2.MP4	21240	29.97003
68	1	0	0.00000	1	TF_68_1258_1259_1259_3.MP4	21240	29.97003
68	1	0	0.00000	1	TF_68_1258_1259_1259_4.MP4	21240	29.97003
68	1	0	0.00000	1	TF_68_1258_1259_1259_5.MP4	21240	29.97003
68	1	0	0.00000	1	TF_68_1258_1259_1259_6.MP4	21240	29.97003
68	1	0	0.00000	1	TF_68_1258_1259_1259_7.MP4	21600	29.97003
69	0	0	0.00000	1	TF_69_1262_1263_1262_1.MP4	21960	29.97003
69	0	0	0.00000	1	TF_69_1262_1263_1262_2.MP4	21240	29.97003
69	0	0	0.00000	1	TF_69_1262_1263_1262_3.MP4	21240	29.97003
69	0	0	0.00000	1	TF_69_1262_1263_1262_4.MP4	21240	29.97003
69	0	0	0.00000	1	TF_69_1262_1263_1262_7.MP4	21240	29.97003
69	1	0	0.00000	1	TF_69_1262_1263_1263_1.MP4	21870	29.97003
69	1	0	0.00000	1	TF_69_1262_1263_1263_2.MP4	21240	29.97003
69	1	0	0.00000	1	TF_69_1262_1263_1263_3.MP4	21240	29.97003
69	1	0	0.00000	1	TF_69_1262_1263_1263_4.MP4	21240	29.97003
69	1	0	0.00000	1	TF_69_1262_1263_1263_5.MP4	21240	29.97003
69	1	0	0.00000	1	TF_69_1262_1263_1263_6.MP4	21240	29.97003
69	1	0	0.00000	1	TF_69_1262_1263_1263_7.MP4	21240	29.97003
70	0	0	0.00000	1	TF_70_1260_1261_1260_1.MP4	22530	29.97003
70	0	0	0.00000	1	TF_70_1260_1261_1260_2.MP4	21240	29.97003
70	0	0	0.00000	1	TF_70_1260_1261_1260_3.MP4	21240	29.97003
70	0	0	0.00000	1	TF_70_1260_1261_1260_4.MP4	21240	29.97003
70	0	0	0.00000	1	TF_70_1260_1261_1260_5.MP4	21240	29.97003
70	0	0	0.00000	1	TF_70_1260_1261_1260_6.MP4	21240	29.97003
70	0	0	0.00000	1	TF_70_1260_1261_1260_7.MP4	21240	29.97003
70	0	0	0.00000	1	TF_70_1260_1261_1260_8.MP4	30930	29.97003
70	1	0	0.00000	1	TF_70_1260_1261_1261_1.MP4	22620	29.97003
70	1	0	0.00000	1	TF_70_1260_1261_1261_2.MP4	21240	29.97003
70	1	0	0.00000	1	TF_70_1260_1261_1261_3.MP4	21240	29.97003
70	1	0	0.00000	1	TF_70_1260_1261_1261_4.MP4	21240	29.97003
70	1	0	0.00000	1	TF_70_1260_1261_1261_5.MP4	21240	29.97003
70	1	0	0.00000	1	TF_70_1260_1261_1261_6.MP4	21240	29.97003
74	0	0	0.00000	1	TF_74_1262_1263_1262_1.MP4	21960	29.97003
74	0	0	0.00000	1	TF_74_1262_1263_1262_2.MP4	21240	29.97003
74	0	0	0.00000	1	TF_74_1262_1263_1262_3.MP4	21240	29.97003
74	0	0	0.00000	1	TF_74_1262_1263_1262_4.MP4	21240	29.97003
74	0	0	0.00000	1	TF_74_1262_1263_1262_5.MP4	21240	29.97003
74	0	0	0.00000	1	TF_74_1262_1263_1262_6.MP4	21240	29.97003
74	0	0	0.00000	1	TF_74_1262_1263_1262_7.MP4	22290	29.97003
74	1	0	0.00000	1	TF_74_1262_1263_1263_1.MP4	21900	29.97003
74	1	0	0.00000	1	TF_74_1262_1263_1263_2.MP4	21240	29.97003
74	1	0	0.00000	1	TF_74_1262_1263_1263_3.MP4	21240	29.97003
74	1	0	0.00000	1	TF_74_1262_1263_1263_4.MP4	21240	29.97003
74	1	0	0.00000	1	TF_74_1262_1263_1263_5.MP4	21240	29.97003
74	1	0	0.00000	1	TF_74_1262_1263_1263_6.MP4	21240	29.97003
74	1	0	0.00000	1	TF_74_1262_1263_1263_7.MP4	21990	29.97003
75	0	0	0.00000	1	TF_75_1262_1263_1262_1.MP4	21720	29.97003
75	0	0	0.00000	1	TF_75_1262_1263_1262_2.MP4	21240	29.97003
75	0	0	0.00000	1	TF_75_1262_1263_1262_3.MP4	21240	29.97003
75	0	0	0.00000	1	TF_75_1262_1263_1262_4.MP4	21240	29.97003
75	0	0	0.00000	1	TF_75_1262_1263_1262_5.MP4	21240	29.97003
75	0	0	0.00000	1	TF_75_1262_1263_1262_6.MP4	21900	29.97003
75	0	0	0.00000	1	TF_75_1262_1263_1262_7.MP4	7897	29.97003
75	1	0	0.00000	1	TF_75_1262_1263_1263_1.MP4	21900	29.97003
75	1	0	0.00000	1	TF_75_1262_1263_1263_2.MP4	21240	29.97003
75	1	0	0.00000	1	TF_75_1262_1263_1263_3.MP4	21240	29.97003
75	1	0	0.00000	1	TF_75_1262_1263_1263_4.MP4	21240	29.97003
75	1	0	0.00000	1	TF_75_1262_1263_1263_5.MP4	21240	29.97003
75	1	0	0.00000	1	TF_75_1262_1263_1263_6.MP4	21750	29.97003
76	0	0	0.00000	1	TF_76_286_287_286.avi	102996	25.00000
76	1	0	0.00000	1	TF_76_286_287_287.avi	129108	25.00000
77	0	0	0.00000	1	TF_77_286_287_287.avi	109044	25.00000
77	1	0	0.00000	1	TF_77_286_287_286.avi	93696	25.00000
78	0	0	0.00000	1	TF_78_286_287_286.avi	118044	25.00000
78	1	0	0.00000	1	TF_78_286_287_287.avi	118957	25.00000
79	0	0	0.00000	1	TF_79_1260_1261_1260_1.MP4	22020	29.97003
79	0	0	0.00000	1	TF_79_1260_1261_1260_2.MP4	21240	29.97003
79	0	0	0.00000	1	TF_79_1260_1261_1260_3.MP4	21240	29.97003
79	0	0	0.00000	1	TF_79_1260_1261_1260_4.MP4	21240	29.97003
79	0	0	0.00000	1	TF_79_1260_1261_1260_5.MP4	21240	29.97003
79	0	0	0.00000	1	TF_79_1260_1261_1260_6.MP4	22770	29.97003
79	0	0	0.00000	1	TF_79_1260_1261_1260_7.MP4	6097	29.97003
79	1	0	0.00000	1	TF_79_1260_1261_1261_1.MP4	21960	29.97003
79	1	0	0.00000	1	TF_79_1260_1261_1261_2.MP4	21240	29.97003
79	1	0	0.00000	1	TF_79_1260_1261_1261_3.MP4	21240	29.97003
79	1	0	0.00000	1	TF_79_1260_1261_1261_4.MP4	21240	29.97003
79	1	0	0.00000	1	TF_79_1260_1261_1261_5.MP4	21240	29.97003
79	1	0	0.00000	1	TF_79_1260_1261_1261_6.MP4	22500	29.97003
80	0	0	0.00000	1	TF_80_282_283_282.avi	85740	25.00000
80	1	0	0.00000	1	TF_80_282_283_287.avi	85740	25.00000
81	0	0	0.00000	0	TF_81_406_407_407.avi	117696	25.00000
81	1	0	0.00000	0	TF_81_406_407_406.avi	114960	25.00000
82	0	0	0.00000	1	TF_82_282_283_282.avi	119820	25.00000
82	1	0	0.00000	1	TF_82_282_283_283.avi	89736	25.00000
83	0	0	0.00000	1	TF_83_286_287_286.avi	109428	25.00000
83	1	0	0.00000	1	TF_83_286_287_287.avi	112824	25.00000
84	0	0	0.00000	1	TF_84_1260_1261_1260_1.MP4	21780	29.97003
84	0	0	0.00000	1	TF_84_1260_1261_1260_2.MP4	21240	29.97003
84	0	0	0.00000	1	TF_84_1260_1261_1260_3.MP4	21240	29.97003
84	0	0	0.00000	1	TF_84_1260_1261_1260_4.MP4	21240	29.97003
84	0	0	0.00000	1	TF_84_1260_1261_1260_5.MP4	21240	29.97003
84	0	0	0.00000	1	TF_84_1260_1261_1260_6.MP4	21240	29.97003
84	0	0	0.00000	1	TF_84_1260_1261_1260_7.MP4	11329	29.97003
84	1	0	0.00000	1	TF_84_1260_1261_1261_1.MP4	21840	29.97003
84	1	0	0.00000	1	TF_84_1260_1261_1261_2.MP4	21240	29.97003
84	1	0	0.00000	1	TF_84_1260_1261_1261_3.MP4	21240	29.97003
84	1	0	0.00000	1	TF_84_1260_1261_1261_4.MP4	21240	29.97003
84	1	0	0.00000	1	TF_84_1260_1261_1261_5.MP4	21240	29.97003
84	1	0	0.00000	1	TF_84_1260_1261_1261_6.MP4	21240	29.97003
84	1	0	0.00000	1	TF_84_1260_1261_1261_7.MP4	12114	29.97003
85	0	0	0.00000	1	TF_85_282_283_283.avi	113184	25.00000
86	0	0	0.00000	1	TF_86_1260_1261_1260_1.MP4	21990	29.97003
86	0	0	0.00000	1	TF_86_1260_1261_1260_2.MP4	21330	29.97003
86	0	0	0.00000	1	TF_86_1260_1261_1260_3.MP4	21270	29.97003
86	0	0	0.00000	1	TF_86_1260_1261_1260_4.MP4	24330	29.97003
86	0	0	0.00000	1	TF_86_1260_1261_1260_5.MP4	23520	29.97003
86	0	0	0.00000	1	TF_86_1260_1261_1260_6.MP4	24120	29.97003
86	0	0	0.00000	1	TF_86_1260_1261_1260_7.MP4	14661	29.97003
86	1	0	0.00000	1	TF_86_1260_1261_1261_1.MP4	22050	29.97003
86	1	0	0.00000	1	TF_86_1260_1261_1261_2.MP4	21240	29.97003
86	1	0	0.00000	1	TF_86_1260_1261_1261_3.MP4	21870	29.97003
86	1	0	0.00000	1	TF_86_1260_1261_1261_4.MP4	25830	29.97003
86	1	0	0.00000	1	TF_86_1260_1261_1261_5.MP4	21720	29.97003
86	1	0	0.00000	1	TF_86_1260_1261_1261_6.MP4	22080	29.97003
86	1	0	0.00000	1	TF_86_1260_1261_1261_7.MP4	15587	29.97003
87	0	0	0.00000	1	TF_87_406_407_406.avi	114096	25.00000
87	1	0	0.00000	1	TF_87_406_407_407.avi	114552	25.00000
88	0	0	0.00000	1	TF_88_1262_1263_1262_1.MP4	21960	29.97003
88	0	0	0.00000	1	TF_88_1262_1263_1262_2.MP4	21240	29.97003
88	0	0	0.00000	1	TF_88_1262_1263_1262_3.MP4	21240	29.97003
88	0	0	0.00000	1	TF_88_1262_1263_1262_4.MP4	21240	29.97003
88	0	0	0.00000	1	TF_88_1262_1263_1262_5.MP4	21240	29.97003
88	0	0	0.00000	1	TF_88_1262_1263_1262_6.MP4	21240	29.97003
88	0	0	0.00000	1	TF_88_1262_1263_1262_7.MP4	13056	29.97003
88	1	0	0.00000	1	TF_88_1262_1263_1263_1.MP4	21810	29.97003
88	1	0	0.00000	1	TF_88_1262_1263_1263_2.MP4	21240	29.97003
88	1	0	0.00000	1	TF_88_1262_1263_1263_3.MP4	21240	29.97003
88	1	0	0.00000	1	TF_88_1262_1263_1263_4.MP4	21240	29.97003
88	1	0	0.00000	1	TF_88_1262_1263_1263_5.MP4	21240	29.97003
88	1	0	0.00000	1	TF_88_1262_1263_1263_6.MP4	21240	29.97003
88	1	0	0.00000	1	TF_88_1262_1263_1263_7.MP4	9984	29.97003
89	0	0	0.00000	1	TF_89_406_407_407.avi	111192	25.00000
89	1	0	0.00000	1	TF_89_406_407_406.avi	115176	25.00000
90	0	0	0.00000	1	TF_90_1258_1259_1258_1.MP4	21630	29.97003
90	0	0	0.00000	1	TF_90_1258_1259_1258_2.MP4	21240	29.97003
90	0	0	0.00000	1	TF_90_1258_1259_1258_3.MP4	21240	29.97003
90	0	0	0.00000	1	TF_90_1258_1259_1258_4.MP4	21240	29.97003
90	0	0	0.00000	1	TF_90_1258_1259_1258_5.MP4	21240	29.97003
90	0	0	0.00000	1	TF_90_1258_1259_1258_6.MP4	22170	29.97003
90	1	0	0.00000	1	TF_90_1258_1259_1259_1.MP4	21630	29.97003
90	1	0	0.00000	1	TF_90_1258_1259_1259_2.MP4	21240	29.97003
90	1	0	0.00000	1	TF_90_1258_1259_1259_3.MP4	21240	29.97003
90	1	0	0.00000	1	TF_90_1258_1259_1259_4.MP4	21240	29.97003
90	1	0	0.00000	1	TF_90_1258_1259_1259_5.MP4	21240	29.97003
90	1	0	0.00000	1	TF_90_1258_1259_1259_6.MP4	21480	29.97003
91	0	0	0.00000	1	TF_91_1258_1259_1258_1.MP4	21570	29.97003
91	0	0	0.00000	1	TF_91_1258_1259_1258_2.MP4	21240	29.97003
91	0	0	0.00000	1	TF_91_1258_1259_1258_3.MP4	21240	29.97003
91	0	0	0.00000	1	TF_91_1258_1259_1258_4.MP4	21240	29.97003
91	0	0	0.00000	1	TF_91_1258_1259_1258_5.MP4	21240	29.97003
91	0	0	0.00000	1	TF_91_1258_1259_1258_6.MP4	21240	29.97003
91	0	0	0.00000	1	TF_91_1258_1259_1258_7.MP4	9662	29.97003
91	1	0	0.00000	1	TF_91_1258_1259_1259_1.MP4	21750	29.97003
91	1	0	0.00000	1	TF_91_1258_1259_1259_2.MP4	21240	29.97003
91	1	0	0.00000	1	TF_91_1258_1259_1259_3.MP4	21240	29.97003
91	1	0	0.00000	1	TF_91_1258_1259_1259_4.MP4	21240	29.97003
91	1	0	0.00000	1	TF_91_1258_1259_1259_5.MP4	21240	29.97003
91	1	0	0.00000	1	TF_91_1258_1259_1259_6.MP4	21240	29.97003
91	1	0	0.00000	1	TF_91_1258_1259_1259_7.MP4	10643	29.97003
92	0	0	0.00000	1	TF_92_406_407_406.avi	117000	25.00000
92	1	0	0.00000	1	TF_92_406_407_407.avi	120828	25.00000
93	0	0	0.00000	1	TF_93_282_283_282.avi	117281	25.00000
93	1	0	0.00000	1	TF_93_282_283_283.avi	119135	25.00000
94	0	0	0.00000	1	TF_94_1258_1259_1258_1.MP4	21330	29.97003
94	0	0	0.00000	1	TF_94_1258_1259_1258_2.MP4	21240	29.97003
94	0	0	0.00000	1	TF_94_1258_1259_1258_3.MP4	21240	29.97003
94	0	0	0.00000	1	TF_94_1258_1259_1258_4.MP4	21240	29.97003
94	0	0	0.00000	1	TF_94_1258_1259_1258_5.MP4	21240	29.97003
94	0	0	0.00000	1	TF_94_1258_1259_1258_6.MP4	21240	29.97003
94	0	0	0.00000	1	TF_94_1258_1259_1258_7.MP4	20463	29.97003
94	1	0	0.00000	1	TF_94_1258_1259_1259_1.MP4	21540	29.97003
94	1	0	0.00000	1	TF_94_1258_1259_1259_2.MP4	21240	29.97003
94	1	0	0.00000	1	TF_94_1258_1259_1259_3.MP4	21240	29.97003
94	1	0	0.00000	1	TF_94_1258_1259_1259_4.MP4	21240	29.97003
94	1	0	0.00000	1	TF_94_1258_1259_1259_5.MP4	21240	29.97003
94	1	0	0.00000	1	TF_94_1258_1259_1259_6.MP4	21240	29.97003
94	1	0	0.00000	1	TF_94_1258_1259_1259_7.MP4	21930	29.97003
95	0	0	0.00000	1	TF_95_1262_1263_1262_1.MP4	22140	29.97003
95	0	0	0.00000	1	TF_95_1262_1263_1262_2.MP4	21240	29.97003
95	0	0	0.00000	1	TF_95_1262_1263_1262_3.MP4	21240	29.97003
95	0	0	0.00000	1	TF_95_1262_1263_1262_4.MP4	21240	29.97003
95	0	0	0.00000	1	TF_95_1262_1263_1262_5.MP4	21240	29.97003
95	0	0	0.00000	1	TF_95_1262_1263_1262_6.MP4	22470	29.97003
95	1	0	0.00000	1	TF_95_1262_1263_1263_1.MP4	21750	29.97003
95	1	0	0.00000	1	TF_95_1262_1263_1263_2.MP4	21240	29.97003
95	1	0	0.00000	1	TF_95_1262_1263_1263_3.MP4	21240	29.97003
95	1	0	0.00000	1	TF_95_1262_1263_1263_4.MP4	21240	29.97003
95	1	0	0.00000	1	TF_95_1262_1263_1263_5.MP4	21240	29.97003
95	1	0	0.00000	1	TF_95_1262_1263_1263_6.MP4	21690	29.97003
95	1	0	0.00000	1	TF_95_1262_1263_1263_7.MP4	6194	29.97003
96	0	0	0.00000	1	TF_96_1258_1259_1258_1.MP4	27060	29.97003
96	0	0	0.00000	1	TF_96_1258_1259_1258_2.MP4	28260	29.97003
96	0	0	0.00000	1	TF_96_1258_1259_1258_3.MP4	27660	29.97003
96	0	0	0.00000	1	TF_96_1258_1259_1258_4.MP4	29070	29.97003
96	0	0	0.00000	1	TF_96_1258_1259_1258_5.MP4	22235	29.97003
96	1	0	0.00000	1	TF_96_1258_1259_1259_1.MP4	24600	29.97003
96	1	0	0.00000	1	TF_96_1258_1259_1259_2.MP4	26160	29.97003
96	1	0	0.00000	1	TF_96_1258_1259_1259_3.MP4	26220	29.97003
96	1	0	0.00000	1	TF_96_1258_1259_1259_4.MP4	24480	29.97003
96	1	0	0.00000	1	TF_96_1258_1259_1259_5.MP4	23100	29.97003
96	1	0	0.00000	1	TF_96_1258_1259_1259_6.MP4	10380	29.97003
97	0	0	0.00000	1	TF_97_406_407_406.avi	123696	25.00000
97	1	0	0.00000	1	TF_97_406_407_407.avi	126120	25.00000
98	0	0	0.00000	1	TF_98_282_283_282.avi	44543	25.00000
98	1	0	0.00000	1	TF_98_282_283_283.avi	112583	25.00000
99	0	0	0.00000	1	TF_99_1258_1259_1258_1.MP4	21540	29.97003
99	0	0	0.00000	1	TF_99_1258_1259_1258_2.MP4	21240	29.97003
99	0	0	0.00000	1	TF_99_1258_1259_1258_3.MP4	21240	29.97003
99	0	0	0.00000	1	TF_99_1258_1259_1258_4.MP4	21240	29.97003
99	0	0	0.00000	1	TF_99_1258_1259_1258_5.MP4	21240	29.97003
99	0	0	0.00000	1	TF_99_1258_1259_1258_6.MP4	21675	29.97003
99	1	0	0.00000	1	TF_99_1258_1259_1259_1.MP4	21780	29.97003
99	1	0	0.00000	1	TF_99_1258_1259_1259_2.MP4	21240	29.97003
99	1	0	0.00000	1	TF_99_1258_1259_1259_3.MP4	21240	29.97003
99	1	0	0.00000	1	TF_99_1258_1259_1259_4.MP4	21240	29.97003
99	1	0	0.00000	1	TF_99_1258_1259_1259_5.MP4	21240	29.97003
99	1	0	0.00000	1	TF_99_1258_1259_1259_6.MP4	21363	29.97003
