OpCode	Camera	MovieSeqIndex	StartTimeOffset	Format	Filename	Frames	Rate
NCB559	0	0	0.00000	0	NCB559_L.avi	103620	25.00000
NCB559	1	0	0.00000	0	NCB559_R.avi	104016	25.00000
NCB553	0	0	0.00000	0	NCB553_L.avi	289162	60.00024
NCB593	0	0	0.00000	0	NCB593_L.avi	267764	60.00024
NCB593	1	0	0.00000	0	NCB593_R.avi	267481	60.00024
NCB568	0	0	0.00000	0	NCB568_L.avi	121811	25.00000
NCB568	1	0	0.00000	0	NCB568_R.avi	120911	25.00000
NCB576	0	0	0.00000	0	NCB576_L.avi	120982	25.00000
NCB576	1	0	0.00000	0	NCB567_R.avi	142442	30.00003
NCB580	0	0	0.00000	0	NCB580_L.avi	135000	25.00000
NCB536	0	0	0.00000	0	NCB536_L.avi	126032	25.00000
NCB605	0	0	0.00000	0	NCB605_L.avi	121044	25.00000
NCB605	1	0	0.00000	0	NCB605_R.avi	121464	25.00000
NCB571	0	0	0.00000	0	NCB571_L.avi	265595	60.00024
NCB571	1	0	0.00000	0	NCB571_R.avi	266271	60.00024
NCB528	0	0	0.00000	0	NCB528_L.avi	114355	25.00000
NCB528	1	0	0.00000	0	NCB528_R.avi	114619	25.00000
NCB525	0	0	0.00000	0	NCB525_L.avi	114019	25.00000
NCB525	1	0	0.00000	0	NCB525_R.avi	114331	25.00000
NCB560	0	0	0.00000	0	NCB560_L.avi	104076	25.00000
NCB560	1	0	0.00000	0	NCB560_R.avi	104327	25.00000
NCB526	0	0	0.00000	0	NCB526_L.avi	113931	25.00000
NCB526	1	0	0.00000	0	NCB526_R.avi	113491	25.00000
NCB581	0	0	0.00000	0	NCB581_L.avi	253715	60.00024
NCB581	1	0	0.00000	0	NCB581_R.avi	253214	60.00024
NCB527	0	0	0.00000	0	NCB527_L.avi	136303	30.00003
NCB527	1	0	0.00000	0	NCB527_R.avi	135793	30.00003
NCB585	0	0	0.00000	0	NCB585_L.avi	116208	25.00000
NCB585	1	0	0.00000	0	NCB585_R.avi	116412	25.00000
NCB570	0	0	0.00000	0	NCB570_L.avi	124116	25.00000
NCB570	1	0	0.00000	0	NCB570_R.avi	123672	25.00000
NCB552	0	0	0.00000	0	NCB552_L.avi	281687	60.00024
NCB552	1	0	0.00000	0	NCB552_R.avi	282229	60.00024
NCB562	0	0	0.00000	0	NCB562_L.avi	263898	60.00024
NCB562	1	0	0.00000	0	NCB562_R.avi	264917	60.00024
NCB575	0	0	0.00000	0	NCB575_L.avi	141895	29.97000
NCB575	1	0	0.00000	0	NCB575_R.avi	136015	29.97000
NCB591	0	0	0.00000	0	NCB591_L.avi	271696	60.00024
NCB591	1	0	0.00000	0	NCB591_R.avi	272110	60.00024
NCB579	0	0	0.00000	0	NCB579_L.avi	131448	25.00000
NCB579	1	0	0.00000	0	NCB579_R.avi	131652	25.00000
NCB556	0	0	0.00000	0	NCB556_L.avi	104362	25.00000
NCB548	0	0	0.00000	0	NCB548_L.avi	117204	25.00000
NCB563	0	0	0.00000	0	NCB563_L.avi	263206	60.00024
NCB563	1	0	0.00000	0	NCB563_R.avi	263674	60.00024
NCB561	0	0	0.00000	0	NCB561_L.avi	273024	60.00024
NCB561	1	0	0.00000	0	NCB561_R.avi	273334	60.00024
NCB592	0	0	0.00000	0	NCB592_L.avi	274836	60.00024
NCB592	1	0	0.00000	0	NCB592_R.avi	275021	60.00024
NCB541	0	0	0.00000	0	NCB541_L.avi	266361	60.00024
NCB541	1	0	0.00000	0	NCB541_R.avi	265876	60.00024
NCB599	0	0	0.00000	0	NCB599_L.avi	131843	25.00000
NCB587	0	0	0.00000	0	NCB587_L.avi	143411	29.97000
NCB549	0	0	0.00000	0	NCB549_L.avi	117120	25.00000
NCB549	1	0	0.00000	0	NCB549_R.avi	117432	25.00000
NCB577	0	0	0.00000	0	NCB577_L.avi	124488	25.00000
NCB577	1	0	0.00000	0	NCB577_R.avi	124632	25.00000
NCB600	0	0	0.00000	0	NCB600_L.avi	132787	25.00000
NCB600	1	0	0.00000	0	NCB600_R.avi	132788	25.00000
NCB564	0	0	0.00000	0	NCB564_L.avi	281322	60.00024
NCB564	1	0	0.00000	0	NCB564_R.avi	280007	60.00024
NCB522	0	0	0.00000	0	NCB522_L.avi	267062	60.00024
NCB522	1	0	0.00000	0	NCB522_R.avi	266517	60.00024
NCB550	0	0	0.00000	0	NCB550_L.avi	121725	25.00000
NCB544	0	0	0.00000	0	NCB544_L.avi	264331	60.00024
NCB544	1	0	0.00000	0	NCB544_R.avi	265602	60.00024
NCB595	0	0	0.00000	0	NCB595_L.avi	139554	29.97000
NCB595	1	0	0.00000	0	NCB595_R.avi	144625	29.97000
NCB539	0	0	0.00000	0	NCB539_L.avi	130265	25.00000
NCB543	0	0	0.00000	0	NCB543_L.avi	255500	60.00024
NCB543	1	0	0.00000	0	NCB543_R.avi	255289	60.00024
NCB586	0	0	0.00000	0	NCB586_L.avi	116304	25.00000
NCB586	1	0	0.00000	0	NCB586_R.avi	116676	25.00000
NCB602	0	0	0.00000	0	NCB602_L.avi	270468	60.00024
NCB540	0	0	0.00000	0	NCB540_L.avi	132812	25.00000
NCB590	0	0	0.00000	0	NCB590_L.avi	125040	25.00000
NCB590	1	0	0.00000	0	NCB590_R.avi	125183	25.00000
NCB574	0	0	0.00000	0	NCB574_L.avi	276419	60.00024
NCB574	1	0	0.00000	0	NCB574_R.avi	276233	59.94018
NCB583	0	0	0.00000	0	NCB583_L.avi	273208	60.00024
NCB583	1	0	0.00000	0	NCB583_R.avi	273909	60.00024
NCB534	0	0	0.00000	0	NCB534_L.avi	278807	60.00024
NCB555	0	0	0.00000	0	NCB555_L.avi	129101	29.97000
NCB555	1	0	0.00000	0	NCB555_R.avi	128756	29.97000
NCB537	0	0	0.00000	0	NCB537_L.avi	127096	25.00000
NCB597	0	0	0.00000	0	NCB597_L.avi	131866	25.00000
NCB597	1	0	0.00000	0	NCB597_R.avi	131856	25.00000
NCB569	0	0	0.00000	0	NCB569_L.avi	123240	25.00000
NCB569	1	0	0.00000	0	NCB569_R.avi	122964	25.00000
NCB589	0	0	0.00000	0	NCB589_L.avi	123828	25.00000
NCB589	1	0	0.00000	0	NCB589_R.avi	124284	25.00000
NCB554	0	0	0.00000	0	NCB554_L.avi	296745	60.00024
NCB554	1	0	0.00000	0	NCB554_R.avi	296436	60.00024
NCB566	0	0	0.00000	0	NCB566_L.avi	114514	25.00000
NCB566	1	0	0.00000	0	NCB566_R.avi	117143	25.00000
NCB582	0	0	0.00000	0	NCB582_L.avi	268842	60.00024
NCB582	1	0	0.00000	0	NCB582_R.avi	268974	60.00024
NCB584	0	0	0.00000	0	NCB584_L.avi	282407	60.00024
NCB584	1	0	0.00000	0	NCB584_R.avi	280396	60.00024
NCB546	0	0	0.00000	0	NCB546_L.avi	113119	25.00000
NCB531	0	0	0.00000	0	NCB531_L.avi	315606	60.00024
NCB557	0	0	0.00000	0	NCB557_L.avi	99623	25.00000
NCB557	1	0	0.00000	0	NCB557_R.avi	99804	25.00000
NCB558	0	0	0.00000	0	NCB558_L.avi	103041	25.00000
NCB558	1	0	0.00000	0	NCB558_R.avi	103139	25.00000
NCB538	0	0	0.00000	0	NCB538_R.avi	126584	25.00000
NCB530	0	0	0.00000	0	NCB530_L.avi	114931	25.00000
NCB530	1	0	0.00000	0	NCB530_R.avi	114379	25.00000
NCB573	0	0	0.00000	0	NCB573_L.avi	264819	60.00024
NCB573	1	0	0.00000	0	NCB573_R.avi	265124	60.00024
NCB598	0	0	0.00000	0	NCB598_L.avi	131856	25.00000
NCB598	1	0	0.00000	0	NCB598_R.avi	131856	25.00000
NCB521	0	0	0.00000	0	NCB521_L.avi	281523	60.00024
NCB521	1	0	0.00000	0	NCB521_R.avi	281973	60.00024
NCB578	0	0	0.00000	0	NCB578_L.avi	127332	25.00000
NCB578	1	0	0.00000	0	NCB578_R.avi	127668	25.00000
NCB565	0	0	0.00000	0	NCB565_L.avi	116364	25.00000
NCB565	1	0	0.00000	0	NCB565_R.avi	116964	25.00000
NCB572	0	0	0.00000	0	NCB572_L.avi	268256	60.00024
NCB572	1	0	0.00000	0	NCB572_R.avi	267894	60.00024
NCB551	0	0	0.00000	0	NCB551_L.avi	272436	60.00024
NCB551	1	0	0.00000	0	NCB551_R.avi	271989	60.00024
NCB533	0	0	0.00000	0	NCB533_L.avi	302289	60.00024
NCB596	0	0	0.00000	0	NCB596_L.avi	123802	25.00000
NCB596	1	0	0.00000	0	NCB596_R.avi	123237	25.00000
NCB524	0	0	0.00000	0	NCB524_L.avi	273169	60.00024
NCB524	1	0	0.00000	0	NCB524_R.avi	273647	60.00024
NCB532	0	0	0.00000	0	NCB532_L.avi	307737	60.00024
NCB567	0	0	0.00000	0	NCB567_L.avi	142308	30.00003
NCB567	1	0	0.00000	0	NCB567_R.avi	142442	30.00003
NCB588	0	0	0.00000	0	NCB588_L.avi	121331	25.00000
NCB588	1	0	0.00000	0	NCB588_R.avi	121668	25.00000
NCB529	0	0	0.00000	0	NCB529_L.avi	113837	25.00000
NCB529	1	0	0.00000	0	NCB529_R.avi	114270	25.00000
NCB535	0	0	0.00000	0	NCB535_L.avi	148406	29.97000
NCB547	0	0	0.00000	0	NCB547_L.avi	139270	29.97000
NCB542	0	0	0.00000	0	NCB542_L.avi	251510	60.00024
NCB542	1	0	0.00000	0	NCB542_R.avi	251201	60.00024
NCB545	0	0	0.00000	0	NCB545_L.avi	108523	25.00000
