Sample	Relief: 0. Flat substrate, sandy, rubble with few features. ~0 substrate slope.	Relief: 1. Some relief features amongst mostly flat substrate/sand/rubble. <45 degree substrate slope.	Relief: 2. Mostly relief features amongst some flat substrate or rubble. ~45 substrate slope.	Relief: 3. Good relief structure with some overhangs. >45 substrate slope.	Relief: 4. High structural complexity, fissures and caves. Vertical wall. ~90 substrate slope.	fieldofview.Limited	fieldofview.Open	Biota: Consolidated	Biota: Crinoids	Biota: Hydroids	Biota: Macroalgae	Biota: Octocoral.Black	Biota: Sponges	Biota: Stony.corals	Biota: Unconsolidated
NCB606	0	4	1	0	0	0	20	0	0	0	0	1	0	0	4
NCB607	5	0	5	0	0	0	20	4	0	0	0	0	0	0	6
NCB608	10	0	0	0	0	0	20	0	0	0	0	0	0	0	10
NCB609	7	0	0	0	0	0	20	0	0	0	0	0	0	0	7
NCB610	8	0	0	0	0	0	20	0	0	0	0	0	0	0	8
NCB611	0	10	0	0	0	0	20	0	0	0	0	0	0	0	10
NCB612	0	7	0	0	0	0	20	0	0	0	0	0	0	0	7
NCB613	1	6	3	0	0	0	20	0	0	0	1	0	0	0	9
NCB614	0	6	4	0	0	0	20	0	0	0	2	0	0	0	8
NCB615	2	5	2	0	0	0	20	0	0	0	0	2	0	0	7
NCB616	0	5	0	0	0	0	20	0	0	0	0	0	0	0	5
NCB617	7	3	0	0	0	0	20	0	0	0	0	0	0	0	10
NCB618	10	0	0	0	0	0	20	0	0	0	0	0	0	0	10
NCB619	4	5	1	0	0	0	20	0	0	0	0	0	0	0	10
NCB620	7	3	0	0	0	0	20	0	0	0	0	0	0	0	10
NCB621	0	0	3	0	0	0	20	3	0	0	0	0	0	0	0
NCB622	0	1	4	1	5	0	20	0	0	0	0	5	0	0	6
NCB623	0	7	7	3	1	0	20	10	0	0	0	0	0	0	8
NCB624	0	0	6	0	0	0	20	0	0	0	6	0	0	0	0
NCB625	0	0	6	3	0	0	20	4	0	0	2	0	3	0	0
NCB626	0	0	5	0	0	0	20	5	0	0	0	0	0	0	0
NCB627	0	0	5	5	0	0	20	9	0	0	1	0	0	0	0
NCB628	0	1	9	0	0	0	20	3	0	0	6	0	0	0	1
NCB629	0	0	5	0	0	0	20	5	0	0	0	0	0	0	0
NCB630	10	0	0	0	0	0	20	0	0	0	0	0	0	0	10
NCB631	10	0	0	0	0	0	20	0	0	0	0	0	0	0	10
NCB632	10	0	0	0	0	0	20	0	0	0	0	0	0	0	10
NCB633	10	0	0	0	0	0	20	0	0	0	0	0	0	0	10
NCB634	0	0	0	0	1	0	20	1	0	0	0	0	0	0	0
NCB635	0	0	9	1	0	0	20	8	0	0	2	0	0	0	0
NCB636	10	0	0	0	0	0	20	0	0	0	0	0	0	0	10
NCB637	10	0	0	0	0	0	20	0	0	0	0	0	0	0	10
NCB638	0	10	0	0	0	0	20	0	0	0	0	0	0	0	10
NCB639	0	2	8	0	0	0	20	1	0	0	7	0	0	0	2
NCB640	0	3	6	1	0	0	20	0	0	5	0	1	0	0	4
NCB641	0	3	7	1	0	0	20	0	0	0	0	0	1	0	10
NCB642	0	0	4	1	0	0	20	0	0	0	2	0	0	1	2
NCB643	0	6	3	1	0	0	20	0	0	2	0	2	0	0	6
NCB644	0	0	5	0	0	0	20	0	0	0	0	5	0	0	0
NCB645	0	5	0	0	0	0	20	0	0	0	0	0	0	0	5
NCB646	0	4	5	0	0	1	19	0	0	0	0	0	3	0	6
NCB647	0	0	5	5	0	0	20	0	0	2	2	3	3	0	0
NCB648	0	3	6	2	0	0	20	0	0	5	0	1	0	0	5
NCB649	0	2	3	1	0	0	20	0	1	3	0	0	0	0	2
NCB650	0	3	6	0	0	0	20	3	0	1	0	2	3	0	0
NCB651	3	6	1	0	0	0	20	0	0	0	1	1	0	0	8
NCB652	0	1	4	5	0	0	20	0	0	1	0	6	0	0	3
NCB653	10	0	0	0	0	0	20	0	0	0	0	0	0	0	10
NCB654	1	6	4	0	0	0	20	1	0	0	0	2	0	0	8
NCB655	0	0	2	5	0	0	20	0	0	0	0	6	1	0	0
NCB656	0	7	5	0	0	0	20	0	0	0	11	1	0	0	0
NCB657	0	2	4	1	3	0	20	0	0	0	0	0	4	0	6
NCB658	0	10	0	0	0	0	20	0	0	0	0	0	0	0	10
NCB659	0	1	7	1	0	0	19	0	1	0	2	1	1	0	4
NCB660	0	0	3	7	0	0	20	0	0	0	0	6	2	0	2
NCB661	0	1	4	5	0	0	20	0	0	0	0	2	6	0	2
NCB662	0	2	8	0	0	0	20	0	0	1	0	3	1	0	4
NCB663	3	5	1	3	0	0	20	0	0	2	0	2	0	0	8
NCB664	3	6	0	0	0	0	20	1	0	0	0	0	0	0	8
NCB665	0	0	0	5	0	0	20	0	0	0	0	4	1	0	0
NCB666	0	1	2	5	2	0	20	0	0	0	0	6	3	0	1
NCB667	0	4	1	1	0	0	20	0	0	0	0	1	1	0	4
NCB668	0	10	0	0	0	0	20	10	0	0	0	0	0	0	0
NCB669	0	5	0	0	0	0	20	4	0	1	0	0	0	0	0
NCB670	3	4	1	0	0	0	20	0	0	0	1	0	0	0	7
NCB671	1	0	5	5	0	0	20	0	0	0	4	4	1	0	2
NCB672	0	9	0	0	0	0	19	0	0	0	0	0	0	0	9
NCB673	0	8	1	1	0	0	20	0	0	0	0	2	0	0	8
NCB674	2	0	1	2	0	0	20	0	1	0	0	2	0	0	2
NCB675	3	7	0	0	0	0	20	0	0	0	0	0	0	0	10
NCB676	0	0	0	3	1	2	18	0	0	0	0	1	0	3	0
NCB677	0	8	2	0	0	0	20	0	0	0	0	0	0	0	10
NCB678	0	0	3	4	0	0	20	0	0	0	3	3	1	0	0
NCB679	0	0	4	6	0	0	20	0	0	0	4	5	1	0	0
NCB680	0	1	5	3	1	0	20	0	0	3	2	3	1	0	1
NCB681	0	2	2	0	0	0	20	0	0	2	2	0	0	0	0
NCB682	0	5	5	3	1	0	20	0	6	0	1	0	0	0	7
NCB683	0	9	1	0	0	0	20	0	0	0	0	0	1	0	9
NCB684	0	9	0	0	0	0	20	0	0	0	0	0	0	0	9
NCB685	0	0	1	4	0	0	20	0	0	4	0	0	1	0	0
NCB686	0	8	1	0	0	0	20	0	0	0	0	0	0	0	9
NCB687	0	5	0	2	0	0	19	0	0	2	0	0	0	0	5
NCB688	10	0	0	0	0	0	20	0	0	0	0	0	0	0	10
NCB689	2	2	1	0	0	0	20	0	0	0	0	0	1	0	4
NCB690	2	2	0	0	0	1	19	0	0	0	0	0	0	0	4
NCB691	4	6	0	0	0	0	20	0	6	0	0	0	0	0	4
NCB692	3	7	0	0	0	0	20	0	7	0	0	0	0	0	3
NCB693	0	10	0	0	0	0	20	0	0	0	0	0	0	0	10
NCB694	10	0	0	0	0	0	20	0	0	0	0	0	0	0	10
NCB695	10	0	0	0	0	0	20	0	0	0	0	0	0	0	10
NCB696	6	4	0	0	0	0	20	0	0	0	0	0	0	0	10
NCB697	10	0	0	0	0	0	20	0	0	0	0	0	0	0	10
NCB698	10	0	0	0	0	0	20	0	0	0	0	0	0	0	10
NCB699	10	0	0	0	0	0	20	0	0	0	0	0	0	0	10
NCB700	10	0	0	0	0	0	20	0	0	0	0	0	0	0	10
NCB701	10	0	0	0	0	0	20	0	0	0	0	0	0	0	10
NCB702	5	0	0	0	0	0	20	0	0	0	0	0	0	0	5
NCB703	10	0	0	0	0	0	20	0	0	0	0	0	0	0	10
NCB704	0	2	1	0	0	0	20	NA	NA	NA	NA	NA	NA	NA	NA
NCB705	0	6	1	0	0	0	20	0	0	0	5	0	0	0	2
NCB706	0	4	1	2	3	2	18	3	0	0	0	0	6	0	1
NCB707	0	0	1	3	1	0	20	0	0	0	0	3	2	0	0
NCB708	0	10	0	0	0	0	20	10	0	0	0	0	0	0	0
NCB709	0	0	4	0	0	0	20	0	0	0	0	4	0	0	0
NCB710	0	0	5	0	0	0	20	0	1	0	3	1	0	0	0
NCB711	0	0	2	2	1	0	20	0	0	0	3	0	0	2	0
NCB712	0	4	1	5	0	0	20	0	0	1	0	3	2	0	4
NCB713	0	0	3	6	0	1	19	0	0	0	0	4	3	0	2
NCB714	0	3	2	1	4	4	16	0	0	0	3	1	5	0	1
NCB715	0	5	5	0	0	0	20	0	0	0	0	0	0	0	10
NCB716	0	6	2	2	1	0	18	0	0	0	1	0	3	0	7
NCB717	0	10	0	0	0	0	20	0	0	0	0	0	0	0	10
NCB718	0	10	0	0	0	0	20	0	0	0	0	0	0	0	10
NCB719	0	9	0	0	0	0	19	0	0	0	0	0	0	0	9
NCB720	0	3	4	5	0	0	20	0	0	0	0	2	7	0	3
NCB721	0	7	6	0	0	0	20	0	0	0	0	2	3	0	8
NCB722	0	4	6	0	0	0	20	0	0	0	0	5	0	0	5
NCB723	0	9	1	0	0	0	20	0	0	0	0	0	0	0	10
NCB724	0	4	0	6	0	0	20	2	0	0	0	5	1	0	2
NCB725	0	6	2	3	0	0	20	0	0	0	0	1	3	0	7
