OpCode	Camera	MovieSeqIndex	StartTimeOffset	Format	Filename	Frames	Rate
NCB680	0	0	0.00000	0	NCB680_L75.avi	247349	59.94018
NCB680	1	0	0.00000	0	NCB680_R75.avi	250681	59.94018
NCB678	0	0	0.00000	0	NCB678_L73.avi	264833	59.94018
NCB678	1	0	0.00000	0	NCB678_R73.avi	311329	59.94018
NCB663	0	0	0.00000	0	NCB663_L58.avi	247313	59.94018
NCB669	0	0	0.00000	0	NCB669_L64.avi	120007	25.00000
NCB669	1	0	0.00000	0	NCB669_R64.avi	119995	25.00000
NCB637	0	0	0.00000	0	NCB637_L32.avi	310655	59.97001
NCB637	1	0	0.00000	0	NCB637_R32.avi	250805	59.97001
NCB618	0	0	0.00000	0	NCB618_L13.avi	294417	60.00024
NCB618	1	0	0.00000	0	NCB618_R13.avi	371888	60.00024
NCB631	0	0	0.00000	0	NCB631_L26.avi	247566	60.00024
NCB631	1	0	0.00000	0	NCB631_R26.avi	247574	60.00024
NCB640	0	0	0.00000	0	NCB640_L35.avi	247451	59.97001
NCB640	1	0	0.00000	0	NCB640_R35.avi	313506	59.97001
NCB691	0	0	0.00000	0	NCB691_L86.avi	282951	59.94018
NCB691	1	0	0.00000	0	NCB691_R86.avi	335216	59.94018
NCB721	0	0	0.00000	0	NCB721_L116.avi	119926	25.00000
NCB721	1	0	0.00000	0	NCB721_R116.avi	119928	25.00000
NCB713	0	0	0.00000	0	NCB713_L108.avi	247348	59.94018
NCB713	1	0	0.00000	0	NCB713_R108.avi	313351	59.94018
NCB659	0	0	0.00000	0	NCB659_L54.avi	298019	59.97001
NCB720	0	0	0.00000	0	NCB720_L115.avi	247343	59.94018
NCB720	1	0	0.00000	0	NCB720_R115.avi	376021	59.94018
NCB719	0	0	0.00000	0	NCB719_L114.avi	387103	59.94018
NCB719	1	0	0.00000	0	NCB719_R114.avi	385970	59.94018
NCB625	0	0	0.00000	0	NCB625_L20.avi	131855	25.00000
NCB625	1	0	0.00000	0	NCB625_R20.avi	132803	25.00000
NCB649	0	0	0.00000	0	NCB649_L44.avi	119915	25.00000
NCB649	1	0	0.00000	0	NCB649_R44.avi	119912	25.00000
NCB646	0	0	0.00000	0	NCB646_L41.avi	119916	25.00000
NCB646	1	0	0.00000	0	NCB646_R41.avi	137028	25.00000
NCB681	0	0	0.00000	0	NCB681_L76.avi	119959	25.00000
NCB681	1	0	0.00000	0	NCB681_R76.avi	119976	25.00000
NCB630	0	0	0.00000	0	NCB630_L25.avi	120084	25.00000
NCB630	1	0	0.00000	0	NCB630_R25.avi	120132	25.00000
NCB712	0	0	0.00000	0	NCB712_L107.avi	247329	59.94018
NCB712	1	0	0.00000	0	NCB712_R107.avi	315825	59.94018
NCB621	0	0	0.00000	0	NCB621_L16.avi	132800	25.00000
NCB621	1	0	0.00000	0	NCB621_R16.avi	155238	25.00000
NCB718	0	0	0.00000	0	NCB718_L113.avi	373391	59.94018
NCB718	1	0	0.00000	0	NCB718_R113.avi	247318	59.94018
NCB717	0	0	0.00000	0	NCB717_L112.avi	303071	59.94018
NCB717	1	0	0.00000	0	NCB717_R112.avi	353057	59.94018
NCB676	0	0	0.00000	0	NCB676_L71.avi	247354	59.94018
NCB676	1	0	0.00000	0	NCB676_R71.avi	313351	59.94018
NCB705	0	0	0.00000	0	NCB705_L100.avi	102887	25.00000
NCB705	1	0	0.00000	0	NCB705_R100.avi	102876	25.00000
NCB622	0	0	0.00000	0	NCB622_L17.avi	119916	25.00000
NCB622	1	0	0.00000	0	NCB622_R17.avi	119912	25.00000
NCB654	0	0	0.00000	0	NCB654_L49.avi	247451	59.97001
NCB654	1	0	0.00000	0	NCB654_R49.avi	313506	59.97001
NCB696	0	0	0.00000	0	NCB696_R91.avi	247358	59.94018
NCB671	0	0	0.00000	0	NCB671_L66.avi	247348	59.94018
NCB671	1	0	0.00000	0	NCB671_R66.avi	313351	59.94018
NCB714	0	0	0.00000	0	NCB714_L109.avi	335516	59.94018
NCB609	0	0	0.00000	0	NCB609_L4.avi	119976	25.00000
NCB609	1	0	0.00000	0	NCB609_R4.avi	119964	25.00000
NCB635	0	0	0.00000	0	NCB635_L30.avi	247589	60.00024
NCB635	1	0	0.00000	0	NCB635_R30.avi	250933	60.00024
NCB610	0	0	0.00000	0	NCB610_L5.avi	143568	25.00000
NCB610	1	0	0.00000	0	NCB610_R5.avi	142904	25.00000
NCB670	0	0	0.00000	0	NCB670_L65.avi	119995	25.00000
NCB670	1	0	0.00000	0	NCB670_R65.avi	119971	25.00000
NCB688	0	0	0.00000	0	NCB688_L83.avi	270252	59.94018
NCB688	1	0	0.00000	0	NCB688_R83.avi	141771	59.94018
NCB695	0	0	0.00000	0	NCB695_L90.avi	247306	59.94018
NCB695	1	0	0.00000	0	NCB695_R90.avi	472355	59.94018
NCB650	0	0	0.00000	0	NCB650_L45.avi	119916	25.00000
NCB650	1	0	0.00000	0	NCB650_R45.avi	137004	25.00000
NCB624	0	0	0.00000	0	NCB624_R19.avi	119925	25.00000
NCB624	1	0	0.00000	0	NCB624_L19.avi	102684	25.00000
NCB666	0	0	0.00000	0	NCB666_L61.avi	119931	25.00000
NCB666	1	0	0.00000	0	NCB666_R61.avi	119931	25.00000
NCB612	0	0	0.00000	0	NCB612_L7.avi	247582	60.00024
NCB612	1	0	0.00000	0	NCB612_R7.avi	349654	60.00024
NCB607	0	0	0.00000	0	NCB607_L2.avi	119916	25.00000
NCB607	1	0	0.00000	0	NCB607_R2.avi	119928	25.00000
NCB694	0	0	0.00000	0	NCB694_L89.avi	247356	59.94018
NCB694	1	0	0.00000	0	NCB694_R89.avi	247344	59.94018
NCB644	0	0	0.00000	0	NCB644_L39.avi	131856	25.00000
NCB644	1	0	0.00000	0	NCB644_R39.avi	119916	25.00000
NCB677	0	0	0.00000	0	NCB677_L72.avi	314105	59.94018
NCB677	1	0	0.00000	0	NCB677_R72.avi	313376	59.94018
NCB697	0	0	0.00000	0	NCB697_L92.avi	294144	59.94018
NCB697	1	0	0.00000	0	NCB697_R92.avi	346173	59.94018
NCB699	0	0	0.00000	0	NCB699_L94.avi	247331	59.94018
NCB699	1	0	0.00000	0	NCB699_R94.avi	393165	59.94018
NCB711	0	0	0.00000	0	NCB711_L106.avi	247358	59.94018
NCB711	1	0	0.00000	0	NCB711_R106.avi	307125	59.94018
NCB613	0	0	0.00000	0	NCB613_L8.avi	301806	60.00024
NCB613	1	0	0.00000	0	NCB613_R8.avi	347457	60.00024
NCB634	0	0	0.00000	0	NCB634_L29.avi	225309	60.00024
NCB634	1	0	0.00000	0	NCB634_R29.avi	247561	60.00024
NCB639	0	0	0.00000	0	NCB639_L34.avi	247458	59.97001
NCB639	1	0	0.00000	0	NCB639_R34.avi	313506	59.97001
NCB689	0	0	0.00000	0	NCB689_L84.avi	137136	25.00000
NCB689	1	0	0.00000	0	NCB689_R84.avi	137144	25.00000
NCB642	0	0	0.00000	0	NCB642_L37.avi	131855	25.00000
NCB642	1	0	0.00000	0	NCB642_R37.avi	119928	25.00000
NCB687	0	0	0.00000	0	NCB687_R82.avi	137160	25.00000
NCB619	0	0	0.00000	0	NCB619_L14.avi	247553	60.00024
NCB619	1	0	0.00000	0	NCB619_R14.avi	372666	60.00024
NCB692	0	0	0.00000	0	NCB692_L87.avi	313390	59.94018
NCB655	0	0	0.00000	0	NCB655_L50.avi	247463	59.97001
NCB655	1	0	0.00000	0	NCB655_R50.avi	298173	59.97001
NCB686	0	0	0.00000	0	NCB686_L81.avi	137124	25.00000
NCB686	1	0	0.00000	0	NCB686_R81.avi	137136	25.00000
NCB715	0	0	0.00000	0	NCB715_L110.avi	247325	59.94018
NCB715	1	0	0.00000	0	NCB715_R110.avi	313351	59.94018
NCB614	0	0	0.00000	0	NCB614_L9.avi	247546	60.00024
NCB614	1	0	0.00000	0	NCB614_R9.avi	349517	60.00024
NCB611	0	0	0.00000	0	NCB611_L6.avi	250933	60.00024
NCB611	1	0	0.00000	0	NCB611_R6.avi	250933	60.00024
NCB685	0	0	0.00000	0	NCB685_L80.avi	119936	25.00000
NCB685	1	0	0.00000	0	NCB685_R80.avi	119923	25.00000
NCB684	0	0	0.00000	0	NCB684_L79.avi	119999	25.00000
NCB684	1	0	0.00000	0	NCB684_R79.avi	120000	25.00000
NCB723	0	0	0.00000	0	NCB723_L118.avi	247352	59.94018
NCB723	1	0	0.00000	0	NCB723_R118.avi	250681	59.94018
NCB636	0	0	0.00000	0	NCB636_L31.avi	299068	59.94018
NCB636	1	0	0.00000	0	NCB636_R31(1).avi	250684	59.94018
NCB672	0	0	0.00000	0	NCB672_L67.avi	313351	59.94018
NCB672	1	0	0.00000	0	NCB672_R67.avi	376021	59.94018
NCB656	0	0	0.00000	0	NCB656_L51.avi	290012	59.97001
NCB656	1	0	0.00000	0	NCB656_R51.avi	288822	59.97001
NCB673	0	0	0.00000	0	NCB673_L68.avi	269249	59.94018
NCB725	0	0	0.00000	0	NCB725_L120.avi	171288	25.00000
NCB725	1	0	0.00000	0	NCB725_R120.avi	137040	25.00000
NCB693	0	0	0.00000	0	NCB693_L88.avi	294138	59.94018
NCB629	0	0	0.00000	0	NCB629_L24.avi	119976	25.00000
NCB629	1	0	0.00000	0	NCB629_R24.avi	119976	25.00000
NCB626	0	0	0.00000	0	NCB626_L21.avi	119913	25.00000
NCB626	1	0	0.00000	0	NCB626_R21.avi	119915	25.00000
NCB606	0	0	0.00000	0	NCB606_L1.avi	131829	25.00000
NCB606	1	0	0.00000	0	NCB606_R1.avi	131842	25.00000
NCB667	0	0	0.00000	0	NCB667_L62.avi	119993	25.00000
NCB667	1	0	0.00000	0	NCB667_R62.avi	120007	25.00000
NCB645	0	0	0.00000	0	NCB645_L40.avi	120012	25.00000
NCB645	1	0	0.00000	0	NCB645_R40.avi	119936	25.00000
NCB698	0	0	0.00000	0	NCB698_L93.avi	438691	59.94018
NCB698	1	0	0.00000	0	NCB698_R93.avi	313351	59.94018
NCB651	0	0	0.00000	0	NCB651_L46.avi	247472	59.97001
NCB651	1	0	0.00000	0	NCB651_R46.avi	250805	59.97001
NCB617	0	0	0.00000	0	NCB617_L12.avi	247564	60.00024
NCB617	1	0	0.00000	0	NCB617_R12.avi	368909	60.00024
NCB710	0	0	0.00000	0	NCB710_R105.avi	124592	25.00000
NCB703	0	0	0.00000	0	NCB703_L98.avi	247328	59.94018
NCB703	1	0	0.00000	0	NCB703_R98.avi	313351	59.94018
NCB658	0	0	0.00000	0	NCB658_L53.avi	283604	59.97001
NCB652	0	0	0.00000	0	NCB652_L47.avi	247457	59.97001
NCB652	1	0	0.00000	0	NCB652_R47.avi	258040	59.97001
NCB620	0	0	0.00000	0	NCB620_L15.avi	247612	60.00024
NCB620	1	0	0.00000	0	NCB620_R15.avi	250933	60.00024
NCB664	0	0	0.00000	0	NCB664_L59.avi	120048	25.00000
NCB690	0	0	0.00000	0	NCB690_L85.avi	120012	25.00000
NCB675	0	0	0.00000	0	NCB675_L70.avi	247302	59.94018
NCB716	0	0	0.00000	0	NCB716_L111.avi	247326	59.94018
NCB716	1	0	0.00000	0	NCB716_R111.avi	313351	59.94018
NCB707	0	0	0.00000	0	NCB707_L102.avi	114780	25.00000
NCB707	1	0	0.00000	0	NCB707_R102.avi	118608	25.00000
NCB638	0	0	0.00000	0	NCB638_L33.avi	301616	59.97001
NCB638	1	0	0.00000	0	NCB638_R33.avi	301659	59.97001
NCB706	0	0	0.00000	0	NCB706_L101.avi	117994	25.00000
NCB706	1	0	0.00000	0	NCB706_R101.avi	117455	25.00000
NCB704	0	0	0.00000	0	NCB704_L99.avi	119976	25.00000
NCB704	1	0	0.00000	0	NCB704_R99.avi	119963	25.00000
NCB683	0	0	0.00000	0	NCB683_L78.avi	313351	59.94018
NCB683	1	0	0.00000	0	NCB683_R78.avi	376021	59.94018
NCB682	0	0	0.00000	0	NCB682_L77.avi	119913	25.00000
NCB682	1	0	0.00000	0	NCB682_R77.avi	119925	25.00000
NCB643	0	0	0.00000	0	NCB643_L38.avi	247428	59.97001
NCB643	1	0	0.00000	0	NCB643_R38.avi	250805	59.97001
NCB722	0	0	0.00000	0	NCB722_L117.avi	119938	25.00000
NCB722	1	0	0.00000	0	NCB722_R117.avi	119940	25.00000
NCB668	0	0	0.00000	0	NCB668_L63.avi	247343	59.94018
NCB668	1	0	0.00000	0	NCB668_R63.avi	313351	59.94018
NCB615	0	0	0.00000	0	NCB615_L10.avi	355465	60.00024
NCB615	1	0	0.00000	0	NCB615_R10.avi	354658	60.00024
NCB674	0	0	0.00000	0	NCB674_L69.avi	247323	59.94018
NCB674	1	0	0.00000	0	NCB674_R69.avi	313351	59.94018
NCB628	0	0	0.00000	0	NCB628_L23.avi	250933	60.00024
NCB628	1	0	0.00000	0	NCB628_R23.avi	250933	60.00024
NCB653	0	0	0.00000	0	NCB653_L48.avi	300325	59.97001
NCB653	1	0	0.00000	0	NCB653_R48.avi	308507	59.97001
NCB616	0	0	0.00000	0	NCB616_L11.avi	247561	60.00024
NCB616	1	0	0.00000	0	NCB616_R11.avi	354180	60.00024
NCB724	0	0	0.00000	0	NCB724_L119.avi	119963	25.00000
NCB724	1	0	0.00000	0	NCB724_R119.avi	119962	25.00000
NCB660	0	0	0.00000	0	NCB660_L55.avi	247469	59.97001
NCB648	0	0	0.00000	0	NCB648_L43.avi	247409	59.97001
NCB648	1	0	0.00000	0	NCB648_R43.avi	313506	59.97001
NCB661	0	0	0.00000	0	NCB661_L56.avi	132828	25.00000
NCB665	0	0	0.00000	0	NCB665_L60.avi	119964	25.00000
NCB665	1	0	0.00000	0	NCB665_R60.avi	119950	25.00000
NCB647	0	0	0.00000	0	NCB647_L42.avi	119915	25.00000
NCB647	1	0	0.00000	0	NCB647_R42.avi	119915	25.00000
NCB641	0	0	0.00000	0	NCB641_L36.avi	119939	25.00000
NCB679	0	0	0.00000	0	NCB679_R74.avi	247343	59.94018
NCB633	0	0	0.00000	0	NCB633_L28.avi	301806	60.00024
NCB633	1	0	0.00000	0	NCB633_R28.avi	378917	60.00024
NCB627	0	0	0.00000	0	NCB627_L22.avi	119841	25.00000
NCB700	0	0	0.00000	0	NCB700_L95.avi	313351	59.94018
NCB700	1	0	0.00000	0	NCB700_R95.avi	313351	59.94018
NCB708	0	0	0.00000	0	NCB708_L103.avi	247359	59.94018
NCB708	1	0	0.00000	0	NCB708_R103.avi	279332	59.94018
NCB623	0	0	0.00000	0	NCB623_L18.avi	313666	60.00024
NCB623	1	0	0.00000	0	NCB623_R18.avi	392809	60.00024
NCB702	0	0	0.00000	0	NCB702_L97.avi	120036	25.00000
NCB702	1	0	0.00000	0	NCB702_R97.avi	120044	25.00000
NCB662	0	0	0.00000	0	NCB662_L57.avi	119951	25.00000
NCB662	1	0	0.00000	0	NCB662_R57.avi	119988	25.00000
NCB608	0	0	0.00000	0	NCB608_L3.avi	247558	60.00024
NCB608	1	0	0.00000	0	NCB608_R3.avi	247594	60.00024
NCB709	0	0	0.00000	0	NCB709_L104.avi	116719	25.00000
NCB709	1	0	0.00000	0	NCB709_R104.avi	115966	25.00000
NCB657	0	0	0.00000	0	NCB657_L52.avi	247477	59.97001
NCB701	0	0	0.00000	0	NCB701_L96.avi	119988	25.00000
NCB701	1	0	0.00000	0	NCB701_R96.avi	120012	25.00000
NCB632	0	0	0.00000	0	NCB632_L27.avi	247576	60.00024
NCB632	1	0	0.00000	0	NCB632_R27.avi	247557	60.00024
