OpCode	Camera	MovieSeqIndex	StartTimeOffset	Format	Filename	Frames	Rate
FH50	0	0	0.00000	0	FH50_L1205 (1).MP4	81241	59.94006
FH50	0	0	0.00000	0	FH50_L1205 (5).MP4	81121	59.94006
FH50	0	0	0.00000	0	FH50_L1205 (6).MP4	81121	59.94006
FH50	0	0	0.00000	0	FH50_L1205 (7).MP4	39181	59.94006
FH50	0	0	0.00000	0	FH50_L1205 (5).MP4	81122	59.94006
FH50	0	0	0.00000	0	FH50_L1205 (1).MP4	81242	59.94006
FH50	1	0	0.00000	0	FH50_R1206 (1).MP4	81242	59.94006
FH50	1	0	0.00000	0	FH50_R1206 (2).MP4	81242	59.94006
FH50	1	0	0.00000	0	FH50_R1206 (3).MP4	81241	59.94006
FH50	1	0	0.00000	0	FH50_R1206 (4).MP4	36001	59.94006
FHC	0	0	0.00000	0	FHC_L1203 (1).MP4	81122	59.94006
FHC	0	0	0.00000	0	FHC_L1203 (2).MP4	81122	59.94006
FHC	0	0	0.00000	0	FHC_L1203 (3).MP4	81061	59.94006
FHC	0	0	0.00000	0	FHC_L1203 (4).MP4	61082	59.94006
FHC	1	0	0.00000	0	FHC_R1204 (1).MP4	81122	59.94006
FHC	1	0	0.00000	0	FHC_R1204 (2).MP4	81062	59.94006
FHC	1	0	0.00000	0	FHC_R1204 (3).MP4	81061	59.94006
FHC	1	0	0.00000	0	FHC_R1204 (4).MP4	60002	59.94006
IO72	0	0	0.00000	0	IO72_L367.avi	108215	25.00000
IO72	1	0	0.00000	0	IO72_R368.avi	107818	25.00000
FHA	0	0	0.00000	0	FHA_L372.avi	115056	25.00000
FHA	1	0	0.00000	0	FHA_R371.avi	114636	25.00000
IO65	0	0	0.00000	0	IO65_L378.avi	115919	25.00000
IO65	1	0	0.00000	0	IO65_R377.avi	115596	25.00000
FH5	0	0	0.00000	0	FH5_L369.avi	109396	25.00000
FH5	1	0	0.00000	0	FH5_R370.avi	109752	25.00000
IO64	0	0	0.00000	0	IO64_L369.avi	116650	25.00000
IO64	1	0	0.00000	0	IO64_R370.avi	116252	25.00000
IO73	0	0	0.00000	0	IO73_R371.avi	111504	25.00000
IO227	0	0	0.00000	0	IO227_L375.avi	112803	25.00000
IO227	1	0	0.00000	0	IO227_R376.avi	112277	25.00000
FH7	0	0	0.00000	0	FH7_L369.avi	129481	25.00000
FH7	1	0	0.00000	0	FH7_R370.avi	130789	25.00000
FH20	0	0	0.00000	0	FH20_L375.avi	132179	25.00000
FH20	1	0	0.00000	0	FH20_R376.avi	133017	25.00000
IO229	0	0	0.00000	0	IO229_L369.avi	110012	25.00000
IO229	1	0	0.00000	0	IO229_R370.avi	109488	25.00000
IO46	0	0	0.00000	0	IO46_L369.avi	106187	25.00000
IO46	1	0	0.00000	0	IO46_R370.avi	105552	25.00000
IO47	0	0	0.00000	0	IO47_L375.avi	113975	25.00000
IO47	1	0	0.00000	0	IO47_R376.avi	111456	25.00000
IO101	0	0	0.00000	0	IO101_L367.avi	105405	25.00000
IO101	1	0	0.00000	0	IO101_R368.avi	104122	25.00000
IO102	0	0	0.00000	0	IO102_L372.avi	107325	25.00000
IO102	1	0	0.00000	0	IO102_R371.avi	107225	25.00000
IO105	0	0	0.00000	0	IO105_L372.avi	131375	25.00000
IO105	1	0	0.00000	0	IO105_R371.avi	130510	25.00000
IO107	0	0	0.00000	0	IO107_L373.avi	140999	25.00000
IO107	1	0	0.00000	0	IO107_R374.avi	140182	25.00000
IO108	0	0	0.00000	0	IO108_L375.avi	152985	25.00000
IO108	1	0	0.00000	0	IO108_R376.avi	153586	25.00000
IO241	0	0	0.00000	0	IO241_L378.avi	108682	25.00000
IO241	1	0	0.00000	0	IO241_R377.avi	108250	25.00000
IO113	0	0	0.00000	0	IO113_L367.avi	139259	25.00000
IO113	1	0	0.00000	0	IO113_R368.avi	138392	25.00000
IO115	0	0	0.00000	0	IO115_L378.avi	148151	25.00000
IO115	1	0	0.00000	0	IO115_R377.avi	147431	25.00000
IO192	0	0	0.00000	0	IO192_L378.avi	151596	25.00000
IO192	1	0	0.00000	0	IO192_R377.avi	150888	25.00000
IO211	0	0	0.00000	0	IO211_L369.avi	143379	25.00000
IO211	1	0	0.00000	0	IO211_R370.avi	142359	25.00000
FHB	0	0	0.00000	0	FHB_L373.avi	120779	25.00000
FHB	1	0	0.00000	0	FHB_R374.avi	121018	25.00000
FH108	0	0	0.00000	0	FH108_L378.avi	129648	25.00000
FH108	1	0	0.00000	0	FH108_R377.avi	129190	25.00000
FH102	0	0	0.00000	0	FH102_L378.avi	106500	25.00000
FH102	1	0	0.00000	0	FH102_R377.avi	105696	25.00000
IO216	0	0	0.00000	0	IO216_L373.avi	105731	25.00000
IO216	1	0	0.00000	0	IO216_R374.avi	105720	25.00000
FH95	0	0	0.00000	0	FH95_L367.avi	111364	25.00000
FH95	1	0	0.00000	0	FH95_R368.avi	111564	25.00000
IO280	0	0	0.00000	0	IO280_L378.avi	109593	25.00000
IO280	1	0	0.00000	0	IO280_R377.avi	111225	25.00000
FH34	0	0	0.00000	0	FH34_L378.avi	127424	25.00000
FH34	1	0	0.00000	0	FH34_R377.avi	131862	25.00000
FH44	0	0	0.00000	0	FH44_L373.avi	127818	25.00000
FH44	1	0	0.00000	0	FH44_R374.avi	127446	25.00000
FH82	0	0	0.00000	0	FH82_L1201 (1).MP4	81122	59.94006
FH82	0	0	0.00000	0	FH82_L1201 (2).MP4	81062	59.94006
FH82	0	0	0.00000	0	FH82_L1201 (3).MP4	81061	59.94006
FH82	0	0	0.00000	0	FH82_L1201 (4).MP4	24452	59.94006
FH82	1	0	0.00000	0	FH82_R1202 (1).MP4	81122	59.94006
FH82	1	0	0.00000	0	FH82_R1202 (2).MP4	81062	59.94006
FH82	1	0	0.00000	0	FH82_R1202 (3).MP4	81061	59.94006
FH82	1	0	0.00000	0	FH82_R1202 (4).MP4	23342	59.94006
IO37	0	0	0.00000	0	IO37_L373.avi	119904	25.00000
IO37	1	0	0.00000	0	IO37_R374.avi	119639	25.00000
FH28	0	0	0.00000	0	FH28_L1205 (1).MP4	81122	59.94006
FH28	0	0	0.00000	0	FH28_L1205 (2).MP4	81062	59.94006
FH28	0	0	0.00000	0	FH28_L1205 (3).MP4	81061	59.94006
FH28	0	0	0.00000	0	FH28_L1205 (4).MP4	56582	59.94006
FH28	1	0	0.00000	0	FH28_R1206 (1).MP4	81122	59.94006
FH28	1	0	0.00000	0	FH28_R1206 (2).MP4	81062	59.94006
FH28	1	0	0.00000	0	FH28_R1206 (3).MP4	81121	59.94006
FH28	1	0	0.00000	0	FH28_R1206 (4).MP4	56762	59.94006
IO290	0	0	0.00000	0	IO290_L373.avi	114612	25.00000
IO290	1	0	0.00000	0	IO290_R374.avi	115246	25.00000
FH30	0	0	0.00000	0	FH30_L1201 (1).MP4	81122	59.94006
FH30	0	0	0.00000	0	FH30_L1201 (2).MP4	81062	59.94006
FH30	0	0	0.00000	0	FH30_L1201 (3).MP4	81061	59.94006
FH30	0	0	0.00000	0	FH30_L1201 (4).MP4	23882	59.94006
FH30	1	0	0.00000	0	FH30_R1202 (1).MP4	81122	59.94006
FH30	1	0	0.00000	0	FH30_R1202 (2).MP4	81062	59.94006
FH30	1	0	0.00000	0	FH30_R1202 (3).MP4	81121	59.94006
FH30	1	0	0.00000	0	FH30_R1202 (4).MP4	24962	59.94006
IO291	0	0	0.00000	0	IO291_L375.avi	132405	25.00000
IO291	1	0	0.00000	0	IO291_R376.avi	134038	25.00000
FH46	0	0	0.00000	0	FH46_L1201 (1).MP4	81122	59.94006
FH46	0	0	0.00000	0	FH46_L1201 (2).MP4	81062	59.94006
FH46	0	0	0.00000	0	FH46_L1201 (3).MP4	81121	59.94006
FH46	0	0	0.00000	0	FH46_L1201 (4).MP4	61592	59.94006
FH46	1	0	0.00000	0	FH46_R1202 (1).MP4	81122	59.94006
FH46	1	0	0.00000	0	FH46_R1202 (2).MP4	81062	59.94006
FH46	1	0	0.00000	0	FH46_R1202 (3).MP4	81061	59.94006
FH46	1	0	0.00000	0	FH46_R1202 (4).MP4	61592	59.94006
IO295	0	0	0.00000	0	IO295_L367.avi	122552	25.00000
IO295	1	0	0.00000	0	IO295_R368.avi	121913	25.00000
IO297	0	0	0.00000	0	IO297_L378.avi	111705	25.00000
IO297	1	0	0.00000	0	IO297_R377.avi	112390	25.00000
IO302	0	0	0.00000	0	IO302_L372.avi	115044	25.00000
IO302	1	0	0.00000	0	IO302_R371.avi	114576	25.00000
IO40	0	0	0.00000	0	IO40_L372.avi	129813	25.00000
IO40	1	0	0.00000	0	IO40_R371.avi	129355	25.00000
IO58	0	0	0.00000	0	IO58_L367.avi	124595	25.00000
IO58	1	0	0.00000	0	IO58_R368.avi	125964	25.00000
IO330	0	0	0.00000	0	IO330_L373.avi	124632	25.00000
IO330	1	0	0.00000	0	IO330_R374.avi	124197	25.00000
IO110	0	0	0.00000	0	IO110_L373.avi	127380	25.00000
IO110	1	0	0.00000	0	IO110_R374.avi	128339	25.00000
IO245	0	0	0.00000	0	IO245_L375.avi	118236	25.00000
IO245	1	0	0.00000	0	IO245_R376.avi	117779	25.00000
IO258	0	0	0.00000	0	IO258_L367.avi	129487	25.00000
IO258	1	0	0.00000	0	IO258_R368.avi	129947	25.00000
IO355	0	0	0.00000	0	IO355_L375.avi	109703	25.00000
IO355	1	0	0.00000	0	IO355_R376.avi	105983	25.00000
IO370	0	0	0.00000	0	IO370_L372.avi	130271	25.00000
IO370	1	0	0.00000	0	IO370_R371.avi	129743	25.00000
IO180	0	0	0.00000	0	IO180_L369.avi	122951	25.00000
IO180	1	0	0.00000	0	IO180_R370.avi	124056	25.00000
FH64	0	0	0.00000	0	FH64_L1203 (1).MP4	81122	59.94006
FH64	0	0	0.00000	0	FH64_L1203 (2).MP4	81062	59.94006
FH64	0	0	0.00000	0	FH64_L1203 (3).MP4	81121	59.94006
FH64	0	0	0.00000	0	FH64_L1203 (4).MP4	29912	59.94006
FH64	1	0	0.00000	0	FH64_R1204 (1).MP4	81122	59.94006
FH64	1	0	0.00000	0	FH64_R1204 (2).MP4	81062	59.94006
FH64	1	0	0.00000	0	FH64_R1204 (3).MP4	81121	59.94006
FH64	1	0	0.00000	0	FH64_R1204 (4).MP4	30992	59.94006
IO253	0	0	0.00000	0	IO253_L367.avi	105371	25.00000
IO253	1	0	0.00000	0	IO253_R368.avi	107159	25.00000
IO378	0	0	0.00000	0	IO378_L373.avi	127594	25.00000
IO378	1	0	0.00000	0	IO378_R374.avi	126921	25.00000
FH93	0	0	0.00000	0	FH93_L1203 (1).MP4	81122	59.94006
FH93	0	0	0.00000	0	FH93_L1203 (2).MP4	81062	59.94006
FH93	0	0	0.00000	0	FH93_L1203 (3).MP4	81061	59.94006
FH93	0	0	0.00000	0	FH93_L1203 (4).MP4	69542	59.94006
FH93	1	0	0.00000	0	FH93_R1204 (1).MP4	81122	59.94006
FH93	1	0	0.00000	0	FH93_R1204 (2).MP4	81062	59.94006
FH93	1	0	0.00000	0	FH93_R1204 (3).MP4	81061	59.94006
FH93	1	0	0.00000	0	FH93_R1204 (4).MP4	68612	59.94006
IO263	0	0	0.00000	0	IO263_L378.avi	118398	25.00000
IO263	1	0	0.00000	0	IO263_R377.avi	117809	25.00000
IOC04	0	0	0.00000	0	IOC04_L369.avi	135227	25.00000
IOC04	1	0	0.00000	0	IOC04_R370.avi	135248	25.00000
IO264	0	0	0.00000	0	IO264_L373.avi	107507	25.00000
IO264	1	0	0.00000	0	IO264_R374.avi	106943	25.00000
IOC05	0	0	0.00000	0	IOC05_L378.avi	111707	25.00000
IOC05	1	0	0.00000	0	IOC05_R377.avi	111407	25.00000
IO294	0	0	0.00000	0	IO294_L1203 (1).MP4	81122	59.94006
IO294	0	0	0.00000	0	IO294_L1203 (2).MP4	81122	59.94006
IO294	0	0	0.00000	0	IO294_L1203 (3).MP4	81061	59.94006
IO294	0	0	0.00000	0	IO294_L1203 (4).MP4	54362	59.94006
IO294	1	0	0.00000	0	IO294_R1204 (1).MP4	81122	59.94006
IO294	1	0	0.00000	0	IO294_R1204 (2).MP4	81062	59.94006
IO294	1	0	0.00000	0	IO294_R1204 (3).MP4	81061	59.94006
IO294	1	0	0.00000	0	IO294_R1204 (4).MP4	53702	59.94006
FH11	0	0	0.00000	0	FH11_L372.avi	118752	25.00000
FH11	1	0	0.00000	0	FH11_R371.avi	120875	25.00000
IO269	0	0	0.00000	0	IO269_L367.avi	128000	25.00000
IO269	1	0	0.00000	0	IO269_R368.avi	127041	25.00000
IO261	0	0	0.00000	0	IO261_L373.avi	123611	25.00000
IO261	1	0	0.00000	0	IO261_R374.avi	124199	25.00000
IO277	0	0	0.00000	0	IO277_L373.avi	112271	25.00000
IO277	1	0	0.00000	0	IO277_R374.avi	111419	25.00000
IO1	0	0	0.00000	0	IO1_L375.avi	104711	25.00000
IO1	1	0	0.00000	0	IO1_R376.avi	104963	25.00000
IO278	0	0	0.00000	0	IO278_L372.avi	135528	25.00000
IO278	1	0	0.00000	0	IO278_R371.avi	136151	25.00000
IO3	0	0	0.00000	0	IO3_L369.avi	97860	25.00000
IO3	1	0	0.00000	0	IO3_R370.avi	97920	25.00000
IO4	0	0	0.00000	0	IO4_L373.avi	114341	25.00000
IO4	1	0	0.00000	0	IO4_R374.avi	114009	25.00000
IO300	0	0	0.00000	0	IO300_L378.avi	109018	25.00000
IO300	1	0	0.00000	0	IO300_R377.avi	105864	25.00000
FH12	0	0	0.00000	0	FH12_L373.avi	111851	25.00000
FH12	1	0	0.00000	0	FH12_R374.avi	113063	25.00000
IO319	0	0	0.00000	0	IO319_L378.avi	152315	25.00000
IO319	1	0	0.00000	0	IO319_R377.avi	153912	25.00000
FH35	0	0	0.00000	0	FH35_L378.avi	134364	25.00000
FH35	1	0	0.00000	0	FH35_R377.avi	135767	25.00000
IO123	0	0	0.00000	0	IO123_L372.avi	149710	25.00000
IO123	1	0	0.00000	0	IO123_R371.avi	149228	25.00000
IO125	0	0	0.00000	0	IO125_L378.avi	142595	25.00000
IO125	0	0	0.00000	0	IO132_L378.avi	136661	25.00000
IO125	1	0	0.00000	0	IO125_R377.avi	142034	25.00000
IO201	0	0	0.00000	0	IO201_L369.avi	155391	25.00000
IO201	1	0	0.00000	0	IO201_R370.avi	154985	25.00000
FH109	0	0	0.00000	0	FH109_L367.avi	132382	25.00000
FH109	1	0	0.00000	0	FH109_R368.avi	133967	25.00000
FHD	0	0	0.00000	0	FHD_L375.avi	128914	25.00000
FHD	1	0	0.00000	0	FHD_R376.avi	128304	25.00000
FHE	0	0	0.00000	0	FHE_L369.avi	132407	25.00000
FHE	1	0	0.00000	0	FHE_R370.avi	132936	25.00000
FH6	0	0	0.00000	0	FH6_L369.avi	112032	25.00000
FH6	1	0	0.00000	0	FH6_R370.avi	111455	25.00000
IO332	0	0	0.00000	0	IO332_L367.avi	144156	25.00000
IO332	1	0	0.00000	0	IO332_R368.avi	145270	25.00000
IO333	0	0	0.00000	0	IO333_L375.avi	107844	25.00000
IO333	1	0	0.00000	0	IO333_R376.avi	108791	25.00000
FH18	0	0	0.00000	0	FH18_L375.avi	132815	25.00000
FH18	1	0	0.00000	0	FH18_R376.avi	131964	25.00000
IO204	0	0	0.00000	0	IO204_L369.avi	131112	25.00000
IO204	1	0	0.00000	0	IO204_R370.avi	131652	25.00000
IO207	0	0	0.00000	0	IO207_L378.avi	117703	25.00000
IO207	1	0	0.00000	0	IO207_R377.avi	118374	25.00000
FH26	0	0	0.00000	0	FH26_L372.avi	109320	25.00000
FH26	1	0	0.00000	0	FH26_R371.avi	108980	25.00000
IO222	0	0	0.00000	0	IO222_L367.avi	156028	25.00000
IO222	1	0	0.00000	0	IO222_R368.avi	157952	25.00000
FH55	0	0	0.00000	0	FH55_L372.avi	119026	25.00000
FH55	1	0	0.00000	0	FH55_R371.avi	118918	25.00000
FH27	0	0	0.00000	0	FH27_L373.avi	143868	25.00000
FH27	1	0	0.00000	0	FH27_R374.avi	143975	25.00000
FH31	0	0	0.00000	0	FH31_L375.avi	132942	25.00000
FH31	1	0	0.00000	0	FH31_R376.avi	132355	25.00000
IO337	0	0	0.00000	0	IO337_L372.avi	119359	25.00000
IO337	1	0	0.00000	0	IO337_R371.avi	118699	25.00000
IO223	0	0	0.00000	0	IO223_L378.avi	117072	25.00000
IO223	1	0	0.00000	0	IO223_R377.avi	116964	25.00000
IO338	0	0	0.00000	0	IO338_L372.avi	122880	25.00000
IO338	1	0	0.00000	0	IO338_R371.avi	125208	25.00000
IO339	0	0	0.00000	0	IO339_L375.avi	115029	25.00000
IO339	0	0	0.00000	0	IO339_L375.avi	115044	25.00000
IO339	1	0	0.00000	0	IO339_R376.avi	114766	25.00000
IO307	0	0	0.00000	0	IO307_L369.avi	100956	25.00000
IO307	1	0	0.00000	0	IO307_R370.avi	101435	25.00000
IO224	0	0	0.00000	0	IO224_L373.avi	128940	25.00000
IO224	1	0	0.00000	0	IO224_R374.avi	128613	25.00000
IO225	0	0	0.00000	0	IO225_L372.avi	108770	25.00000
IO225	1	0	0.00000	0	IO225_R371.avi	108698	25.00000
IO312	0	0	0.00000	0	IO312_L373.avi	111247	25.00000
IO312	1	0	0.00000	0	IO312_R374.avi	110838	25.00000
IO325	0	0	0.00000	0	IO325_L375.avi	138426	25.00000
IO325	1	0	0.00000	0	IO325_R376.avi	138527	25.00000
IO327	0	0	0.00000	0	IO327_L372.avi	119431	25.00000
IO327	1	0	0.00000	0	IO327_R371.avi	119157	25.00000
IO334	0	0	0.00000	0	IO334_L372.avi	110640	25.00000
IO334	1	0	0.00000	0	IO334_R371.avi	109980	25.00000
IOREDO344	0	0	0.00000	0	IOREDO344_L367.avi	103292	25.00000
IOREDO344	1	0	0.00000	0	IOREDO344_R368.avi	110842	25.00000
IO335	0	0	0.00000	0	IO335_R376.avi	126812	25.00000
IO335	0	0	0.00000	0	IO355_L375.avi	109703	25.00000
IO335	1	0	0.00000	0	IO335_L375.avi	127735	25.00000
IO323	0	0	0.00000	0	IO323_L373.avi	112727	25.00000
IO323	1	0	0.00000	0	IO323_R374.avi	113962	25.00000
IO352	0	0	0.00000	0	IO352_L372.avi	107772	25.00000
IO352	1	0	0.00000	0	IO352_R371.avi	108096	25.00000
IO361	0	0	0.00000	0	IO361_L369.avi	133606	25.00000
IO361	1	0	0.00000	0	IO361_R370.avi	132970	25.00000
IO374	0	0	0.00000	0	IO374_L378.avi	127689	25.00000
IO374	1	0	0.00000	0	IO374_R377.avi	127306	25.00000
IO353	0	0	0.00000	0	IO353_L375.avi	146897	25.00000
IO353	1	0	0.00000	0	IO353_R376.avi	146658	25.00000
IOCP11-2	0	0	0.00000	0	IOCP11-2_L372.avi	137721	25.00000
IOCP11-2	1	0	0.00000	0	IOCP11-2_R371.avi	136846	25.00000
IOCP11-1	0	0	0.00000	0	IOCP11-1_L373.avi	129852	25.00000
IOCP11-1	1	0	0.00000	0	IOCP11-1_R374.avi	128938	25.00000
FH67	0	0	0.00000	0	FH67_L375.avi	122745	25.00000
FH67	1	0	0.00000	0	FH67_R376.avi	122602	25.00000
IO364	0	0	0.00000	0	IO364_L378.avi	111948	25.00000
IO364	1	0	0.00000	0	IO364_R377.avi	113434	25.00000
IOCP2311	0	0	0.00000	0	IOCP2311_L367.avi	118248	25.00000
IOCP2311	1	0	0.00000	0	IOCP2311_R368.avi	117216	25.00000
FH72	0	0	0.00000	0	FH72_L369.avi	127871	25.00000
FH72	1	0	0.00000	0	FH72_R370.avi	129190	25.00000
IO351	0	0	0.00000	0	IO351_L378.avi	114432	25.00000
IO351	1	0	0.00000	0	IO351_R377.avi	114863	25.00000
FH78	0	0	0.00000	0	FH78_L373.avi	124343	25.00000
FH78	1	0	0.00000	0	FH78_R374.avi	124512	25.00000
IO369	0	0	0.00000	0	IO369_L375.avi	122530	25.00000
IO369	1	0	0.00000	0	IO369_R376.avi	114828	25.00000
IO262	0	0	0.00000	0	IO262_L369.avi	116933	25.00000
IO262	1	0	0.00000	0	IO262_R370.avi	115815	25.00000
IO80	0	0	0.00000	0	IO80_L367.avi	132706	25.00000
IO80	1	0	0.00000	0	IO80_R368.avi	132335	25.00000
IO343	0	0	0.00000	0	IO343_L369.avi	120249	25.00000
IO343	1	0	0.00000	0	IO343_R370.avi	121040	25.00000
IO266	0	0	0.00000	0	IO266_L373.avi	125303	25.00000
IO266	1	0	0.00000	0	IO266_R374.avi	125301	25.00000
IO81	0	0	0.00000	0	IO81_L375.avi	127080	25.00000
IO81	1	0	0.00000	0	IO81_R376.avi	126582	25.00000
IO91	0	0	0.00000	0	IO91_L369.avi	134193	25.00000
IO91	1	0	0.00000	0	IO91_R370.avi	133521	25.00000
IO155	0	0	0.00000	0	IO155_L373.avi	142198	25.00000
IO155	1	0	0.00000	0	IO155_R374.avi	141288	25.00000
IO164	0	0	0.00000	0	IO164_L367.avi	117358	25.00000
IO164	1	0	0.00000	0	IO164_R368.avi	116916	25.00000
IO165	0	0	0.00000	0	IO165_L375.avi	132993	25.00000
IO165	1	0	0.00000	0	IO165_R376.avi	132863	25.00000
FH87	0	0	0.00000	0	FH87_L378.avi	101868	25.00000
FH87	1	0	0.00000	0	FH87_R377.avi	102887	25.00000
IO184	0	0	0.00000	0	IO184_L369.avi	125575	25.00000
IO184	1	0	0.00000	0	IO184_R370.avi	125288	25.00000
FH94	0	0	0.00000	0	FH94_L367.avi	103414	25.00000
FH94	1	0	0.00000	0	FH94_R368.avi	103644	25.00000
IO210	0	0	0.00000	0	IO210_L373.avi	121845	25.00000
IO210	1	0	0.00000	0	IO210_R374.avi	121413	25.00000
FH8	0	0	0.00000	0	FH8_L1205 (1).MP4	81122	59.94006
FH8	0	0	0.00000	0	FH8_L1205 (2).MP4	81062	59.94006
FH8	0	0	0.00000	0	FH8_L1205 (3).MP4	81061	59.94006
FH8	0	0	0.00000	0	FH8_L1205 (4).MP4	50192	59.94006
FH8	0	0	0.00000	0	FH8_L1205 (2).MP4	81060	59.94006
FH8	1	0	0.00000	0	FH8_R1206 (1).MP4	81122	59.94006
FH8	1	0	0.00000	0	FH8_R1206 (2).MP4	81060	59.94006
FH8	1	0	0.00000	0	FH8_R1206 (3).MP4	81121	59.94006
FH8	1	0	0.00000	0	FH8_R1206 (4).MP4	53550	59.94006
IO215	0	0	0.00000	0	IO215_L372.avi	124475	25.00000
IO215	1	0	0.00000	0	IO215_R371.avi	124176	25.00000
IO218	0	0	0.00000	0	IO218_L373.avi	117192	25.00000
IO218	1	0	0.00000	0	IO218_R374.avi	117624	25.00000
IO237	0	0	0.00000	0	IO237_L375.avi	113016	25.00000
IO237	1	0	0.00000	0	IO237_R376.avi	113292	25.00000
IO239	0	0	0.00000	0	IO239_L367.avi	99648	25.00000
IO239	1	0	0.00000	0	IO239_R368.avi	99576	25.00000
FH15	0	0	0.00000	0	FH15_L1203 (1).MP4	81122	59.94006
FH15	0	0	0.00000	0	FH15_L1203 (2).MP4	81062	59.94006
FH15	0	0	0.00000	0	FH15_L1203 (3).MP4	81121	59.94006
FH15	0	0	0.00000	0	FH15_L1203 (4).MP4	4382	59.94006
FH15	1	0	0.00000	0	FH15_R1204 (1).MP4	81122	59.94006
FH15	1	0	0.00000	0	FH15_R1204 (2).MP4	81060	59.94006
FH15	1	0	0.00000	0	FH15_R1204 (3).MP4	81061	59.94006
FH15	1	0	0.00000	0	FH15_R1204 (4).MP4	660	59.94006
IO313	0	0	0.00000	0	IO313_L1205 (1).MP4	81122	59.94006
IO313	0	0	0.00000	0	IO313_L1205 (2).MP4	81062	59.94006
IO313	0	0	0.00000	0	IO313_L1205 (3).MP4	81061	59.94006
IO313	0	0	0.00000	0	IO313_L1205 (4).MP4	75422	59.94006
IO313	1	0	0.00000	0	IO313_R1206 (1).MP4	81122	59.94006
IO313	1	0	0.00000	0	IO313_R1206 (2).MP4	81062	59.94006
IO313	1	0	0.00000	0	IO313_R1206 (3).MP4	81061	59.94006
IO313	1	0	0.00000	0	IO313_R1206 (4).MP4	77702	59.94006
FH17	0	0	0.00000	0	FH17_L1201 (1).MP4	81122	59.94006
FH17	0	0	0.00000	0	FH17_L1201 (2).MP4	81062	59.94006
FH17	0	0	0.00000	0	FH17_L1201 (3).MP4	81061	59.94006
FH17	0	0	0.00000	0	FH17_L1201 (4).MP4	81062	59.94006
FH17	1	0	0.00000	0	FH17_R1202 (1).MP4	81122	59.94006
FH17	1	0	0.00000	0	FH17_R1202 (2).MP4	81060	59.94006
FH17	1	0	0.00000	0	FH17_R1202 (3).MP4	81061	59.94006
FH17	1	0	0.00000	0	FH17_R1202 (4).MP4	81120	59.94006
FH17	1	0	0.00000	0	FH17_R1202 (5).MP4	481	59.94006
IO331	0	0	0.00000	0	IO331_L1201 (1).MP4	81122	59.94006
IO331	0	0	0.00000	0	IO331_L1201 (2).MP4	81062	59.94006
IO331	0	0	0.00000	0	IO331_L1201 (3).MP4	81061	59.94006
IO331	0	0	0.00000	0	IO331_L1201 (4).MP4	61982	59.94006
IO331	1	0	0.00000	0	IO331_R1202 (1).MP4	81122	59.94006
IO331	1	0	0.00000	0	IO331_R1202 (2).MP4	81062	59.94006
IO331	1	0	0.00000	0	IO331_R1202 (3).MP4	81061	59.94006
IO331	1	0	0.00000	0	IO331_R1202 (4).MP4	64112	59.94006
FH21	0	0	0.00000	0	FH21_L1203 (1).MP4	81062	59.94006
FH21	0	0	0.00000	0	FH21_L1203 (2).MP4	81061	59.94006
FH21	0	0	0.00000	0	FH21_L1203 (3).MP4	81061	59.94006
FH21	0	0	0.00000	0	FH21_L1203 (4).MP4	81062	59.94006
FH21	0	0	0.00000	0	FH21_L1203 (5).MP4	15271	59.94006
FH21	1	0	0.00000	0	FH21_R1204 (1).MP4	81062	59.94006
FH21	1	0	0.00000	0	FH21_R1204 (2).MP4	81121	59.94006
FH21	1	0	0.00000	0	FH21_R1204 (3).MP4	81061	59.94006
FH21	1	0	0.00000	0	FH21_R1204 (4).MP4	81060	59.94006
FH21	1	0	0.00000	0	FH21_R1204 (5).MP4	14251	59.94006
IO357	0	0	0.00000	0	IO357_L369.avi	106928	25.00000
IO357	1	0	0.00000	0	IO357_R370.avi	107369	25.00000
IO158	0	0	0.00000	0	IO158_L367.avi	134361	25.00000
IO158	1	0	0.00000	0	IO158_R368.avi	133667	25.00000
IO49	0	0	0.00000	0	IO49_L1203 (1).MP4	81122	59.94006
IO49	0	0	0.00000	0	IO49_L1203 (2).MP4	81062	59.94006
IO49	0	0	0.00000	0	IO49_L1203 (3).MP4	81061	59.94006
IO49	0	0	0.00000	0	IO49_L1203 (4).MP4	49802	59.94006
IO49	1	0	0.00000	0	IO49_R1204 (1).MP4	81122	59.94006
IO49	1	0	0.00000	0	IO49_R1204 (2).MP4	81062	59.94006
IO49	1	0	0.00000	0	IO49_R1204 (3).MP4	81061	59.94006
IO49	1	0	0.00000	0	IO49_R1204 (4).MP4	44972	59.94006
IO152	0	0	0.00000	0	IO152_L373.avi	111540	25.00000
IO152	1	0	0.00000	0	IO152_R374.avi	110640	25.00000
IO145	0	0	0.00000	0	IO145_L373.avi	144532	25.00000
IO145	1	0	0.00000	0	IO145_R374.avi	141487	25.00000
IO132	0	0	0.00000	0	IO132_L378.avi	136661	25.00000
IO132	1	0	0.00000	0	IO132_R377.avi	135990	25.00000
IO109	0	0	0.00000	0	IO109_L1203 (1).MP4	81122	59.94006
IO109	0	0	0.00000	0	IO109_L1203 (2).MP4	81062	59.94006
IO109	0	0	0.00000	0	IO109_L1203 (3).MP4	81061	59.94006
IO109	0	0	0.00000	0	IO109_L1203 (4).MP4	81122	59.94006
IO109	0	0	0.00000	0	IO109_L1203 (5).MP4	28531	59.94006
IO109	1	0	0.00000	0	IO109_R1204 (1).MP4	81122	59.94006
IO109	1	0	0.00000	0	IO109_R1204 (2).MP4	81062	59.94006
IO109	1	0	0.00000	0	IO109_R1204 (3).MP4	81061	59.94006
IO109	1	0	0.00000	0	IO109_R1204 (4).MP4	81062	59.94006
IO109	1	0	0.00000	0	IO109_R1204 (5).MP4	26581	59.94006
FH84	0	0	0.00000	0	FH84_L1201 (1).MP4	81062	59.94006
FH84	0	0	0.00000	0	FH84_L1201 (2).MP4	81061	59.94006
FH84	0	0	0.00000	0	FH84_L1201 (3).MP4	81061	59.94006
FH84	0	0	0.00000	0	FH84_L1201 (4).MP4	56882	59.94006
FH84	1	0	0.00000	0	FH84_R1202 (1).MP4	81062	59.94006
FH84	1	0	0.00000	0	FH84_R1202 (2).MP4	81061	59.94006
FH84	1	0	0.00000	0	FH84_R1202 (3).MP4	81061	59.94006
FH84	1	0	0.00000	0	FH84_R1202 (4).MP4	78900	59.94006
FH92	0	0	0.00000	0	FH92_L1205 (1).MP4	81122	59.94006
FH92	0	0	0.00000	0	FH92_L1205 (2).MP4	81062	59.94006
FH92	0	0	0.00000	0	FH92_L1205 (3).MP4	81061	59.94006
FH92	0	0	0.00000	0	FH92_L1205 (4).MP4	81062	59.94006
FH92	0	0	0.00000	0	FH92_L1205 (5).MP4	25591	59.94006
FH92	1	0	0.00000	0	FH92_R1206 (1).MP4	81122	59.94006
FH92	1	0	0.00000	0	FH92_R1206 (2).MP4	81060	59.94006
FH92	1	0	0.00000	0	FH92_R1206 (3).MP4	81061	59.94006
FH92	1	0	0.00000	0	FH92_R1206 (4).MP4	81060	59.94006
FH92	1	0	0.00000	0	FH92_R1206 (5).MP4	26221	59.94006
IO117	0	0	0.00000	0	IO117_L1201 (1).MP4	81122	59.94006
IO117	0	0	0.00000	0	IO117_L1201 (2).MP4	81062	59.94006
IO117	0	0	0.00000	0	IO117_L1201 (3).MP4	81061	59.94006
IO117	0	0	0.00000	0	IO117_L1201 (4).MP4	81122	59.94006
IO117	0	0	0.00000	0	IO117_L1201 (5).MP4	5251	59.94006
IO117	0	0	0.00000	0	IO117_L1201 (6).MP4	392	59.94006
IO117	1	0	0.00000	0	IO117_R1202 (1).MP4	81122	59.94006
IO117	1	0	0.00000	0	IO117_R1202 (2).MP4	81062	59.94006
IO117	1	0	0.00000	0	IO117_R1202 (3).MP4	81061	59.94006
IO117	1	0	0.00000	0	IO117_R1202 (4).MP4	81122	59.94006
IO117	1	0	0.00000	0	IO117_R1202 (5).MP4	3571	59.94006
IO191	0	0	0.00000	0	IO191_L1205 (1).MP4	81122	59.94006
IO191	0	0	0.00000	0	IO191_L1205 (2).MP4	81062	59.94006
IO191	0	0	0.00000	0	IO191_L1205 (3).MP4	81061	59.94006
IO191	0	0	0.00000	0	IO191_L1205 (4).MP4	80312	59.94006
IO191	1	0	0.00000	0	IO191_R1206 (1).MP4	81122	59.94006
IO191	1	0	0.00000	0	IO191_R1206 (2).MP4	81062	59.94006
IO191	1	0	0.00000	0	IO191_R1206 (3).MP4	81061	59.94006
IO191	1	0	0.00000	0	IO191_R1206 (4).MP4	81122	59.94006
IO191	1	0	0.00000	0	IO191_R1206 (5).MP4	631	59.94006
IO194	0	0	0.00000	0	IO194_L1201 (1).MP4	81122	59.94006
IO194	0	0	0.00000	0	IO194_L1201 (2).MP4	81062	59.94006
IO194	0	0	0.00000	0	IO194_L1201 (3).MP4	81061	59.94006
IO194	0	0	0.00000	0	IO194_L1201 (4).MP4	81062	59.94006
IO194	0	0	0.00000	0	IO194_L1201 (5).MP4	14551	59.94006
IO194	1	0	0.00000	0	IO194_R1202 (1).MP4	81122	59.94006
IO194	1	0	0.00000	0	IO194_R1202 (2).MP4	81062	59.94006
IO194	1	0	0.00000	0	IO194_R1202 (3).MP4	81061	59.94006
IO194	1	0	0.00000	0	IO194_R1202 (4).MP4	81062	59.94006
IO194	1	0	0.00000	0	IO194_R1202 (5).MP4	15241	59.94006
FH110	0	0	0.00000	0	FH110_L1203 (1).MP4	81122	59.94006
FH110	0	0	0.00000	0	FH110_L1203 (2).MP4	81062	59.94006
FH110	0	0	0.00000	0	FH110_L1203 (3).MP4	81121	59.94006
FH110	0	0	0.00000	0	FH110_L1203 (4).MP4	4922	59.94006
FH110	1	0	0.00000	0	FH110_R1204 (1).MP4	81122	59.94006
FH110	1	0	0.00000	0	FH110_R1204 (2).MP4	81060	59.94006
FH110	1	0	0.00000	0	FH110_R1204 (3).MP4	81061	59.94006
FH110	1	0	0.00000	0	FH110_R1204 (4).MP4	4080	59.94006
IO298	0	0	0.00000	0	IO298_L1205 (1).MP4	81122	59.94006
IO298	0	0	0.00000	0	IO298_L1205 (2).MP4	81062	59.94006
IO298	0	0	0.00000	0	IO298_L1205 (3).MP4	81061	59.94006
IO298	0	0	0.00000	0	IO298_L1205 (4).MP4	79232	59.94006
IO298	1	0	0.00000	0	IO298_R1206 (1).MP4	81122	59.94006
IO298	1	0	0.00000	0	IO298_R1206 (2).MP4	81062	59.94006
IO298	1	0	0.00000	0	IO298_R1206 (3).MP4	81061	59.94006
IO298	1	0	0.00000	0	IO298_R1206 (4).MP4	80102	59.94006
FHC02	0	0	0.00000	0	FHCO2_L1205 (1).MP4	81122	59.94006
FHC02	0	0	0.00000	0	FHCO2_L1205 (2).MP4	81062	59.94006
FHC02	0	0	0.00000	0	FHCO2_L1205 (3).MP4	81061	59.94006
FHC02	0	0	0.00000	0	FHCO2_L1205 (4).MP4	32522	59.94006
FHC02	1	0	0.00000	0	FHCO2_R1206 (1).MP4	81122	59.94006
FHC02	1	0	0.00000	0	FHCO2_R1206 (2).MP4	81060	59.94006
FHC02	1	0	0.00000	0	FHCO2_R1206 (3).MP4	81061	59.94006
FHC02	1	0	0.00000	0	FHCO2_R1206 (4).MP4	34170	59.94006
FH69	0	0	0.00000	0	FH69_L377.avi	110411	25.00000
FH69	1	0	0.00000	0	FH69_R378.avi	110556	25.00000
IO299	0	0	0.00000	0	IO299_L1201 (1).MP4	81122	59.94006
IO299	0	0	0.00000	0	IO299_L1201 (2).MP4	81062	59.94006
IO299	0	0	0.00000	0	IO299_L1201 (3).MP4	81061	59.94006
IO299	0	0	0.00000	0	IO299_L1201 (4).MP4	62672	59.94006
IO299	1	0	0.00000	0	IO299_R1202 (1).MP4	81122	59.94006
IO299	1	0	0.00000	0	IO299_R1202 (2).MP4	81062	59.94006
IO299	1	0	0.00000	0	IO299_R1202 (3).MP4	81061	59.94006
IO299	1	0	0.00000	0	IO299_R1202 (4).MP4	60992	59.94006
FHC03	0	0	0.00000	0	FHC03_L378.avi	114841	25.00000
FHC03	1	0	0.00000	0	FHC03_R377.avi	114536	25.00000
IO324	0	0	0.00000	0	IO324_L1203 (1).MP4	81122	59.94006
IO324	0	0	0.00000	0	IO324_L1203 (2).MP4	81062	59.94006
IO324	0	0	0.00000	0	IO324_L1203 (3).MP4	81061	59.94006
IO324	0	0	0.00000	0	IO324_L1203 (4).MP4	35252	59.94006
IO324	1	0	0.00000	0	IO324_R1204 (1).MP4	81122	59.94006
IO324	1	0	0.00000	0	IO324_R1204 (2).MP4	81062	59.94006
IO324	1	0	0.00000	0	IO324_R1204 (3).MP4	81061	59.94006
IO324	1	0	0.00000	0	IO324_R1204 (4).MP4	33722	59.94006
IO329	0	0	0.00000	0	IO329_L1205 (1).MP4	81122	59.94006
IO329	0	0	0.00000	0	IO329_L1205 (2).MP4	81062	59.94006
IO329	0	0	0.00000	0	IO329_L1205 (3).MP4	81061	59.94006
IO329	0	0	0.00000	0	IO329_L1205 (4).MP4	60872	59.94006
IO329	1	0	0.00000	0	IO329_R1206 (1).MP4	81122	59.94006
IO329	1	0	0.00000	0	IO329_R1206 (2).MP4	81062	59.94006
IO329	1	0	0.00000	0	IO329_R1206 (3).MP4	81061	59.94006
IO329	1	0	0.00000	0	IO329_R1206 (4).MP4	59402	59.94006
FH23	0	0	0.00000	0	FH23_L1203 (1).MP4	81122	59.94006
FH23	0	0	0.00000	0	FH23_L1203 (2).MP4	81062	59.94006
FH23	0	0	0.00000	0	FH23_L1203 (3).MP4	81121	59.94006
FH23	0	0	0.00000	0	FH23_L1203 (4).MP4	8012	59.94006
FH23	1	0	0.00000	0	FH23_R1204 (1).MP4	81122	59.94006
FH23	1	0	0.00000	0	FH23_R1204 (2).MP4	81060	59.94006
FH23	1	0	0.00000	0	FH23_R1204 (3).MP4	81061	59.94006
FH23	1	0	0.00000	0	FH23_R1204 (4).MP4	9180	59.94006
IO100	0	0	0.00000	0	IO100_L1205 (1).MP4	81062	59.94006
IO100	0	0	0.00000	0	IO100_L1205 (2).MP4	81061	59.94006
IO100	0	0	0.00000	0	IO100_L1205 (3).MP4	81061	59.94006
IO100	0	0	0.00000	0	IO100_L1205 (4).MP4	15302	59.94006
IO100	1	0	0.00000	0	IO100_R1206 (1).MP4	81062	59.94006
IO100	1	0	0.00000	0	IO100_R1206 (2).MP4	81061	59.94006
IO100	1	0	0.00000	0	IO100_R1206 (3).MP4	81061	59.94006
IO100	1	0	0.00000	0	IO100_R1206 (4).MP4	18182	59.94006
IO100	1	0	0.00000	0	IO100_R1206 (5).MP4	992	59.94006
FH99	0	0	0.00000	0	FH99_L372.avi	120837	25.00000
FH99	1	0	0.00000	0	FH99_R371.avi	121531	25.00000
FH71	0	0	0.00000	0	FH71_L1205 (1).MP4	81122	59.94006
FH71	0	0	0.00000	0	FH71_L1205 (2).MP4	81062	59.94006
FH71	0	0	0.00000	0	FH71_L1205 (3).MP4	81061	59.94006
FH71	0	0	0.00000	0	FH71_L1205 (4).MP4	11552	59.94006
FH71	1	0	0.00000	0	FH71_R1206 (1).MP4	81122	59.94006
FH71	1	0	0.00000	0	FH71_R1206 (2).MP4	81062	59.94006
FH71	1	0	0.00000	0	FH71_R1206 (3).MP4	81061	59.94006
FH71	1	0	0.00000	0	FH71_R1206 (4).MP4	10952	59.94006
FH68	0	0	0.00000	0	FH68_L369.avi	114794	25.00000
FH68	1	0	0.00000	0	FH68_R370.avi	113654	25.00000
IO119	0	0	0.00000	0	IO119_L1201 (1).MP4	81122	59.94006
IO119	0	0	0.00000	0	IO119_L1201 (2).MP4	81062	59.94006
IO119	0	0	0.00000	0	IO119_L1201 (3).MP4	81121	59.94006
IO119	0	0	0.00000	0	IO119_L1201 (4).MP4	5642	59.94006
IO119	1	0	0.00000	0	IO119_R1202 (1).MP4	81122	59.94006
IO119	1	0	0.00000	0	IO119_R1202 (2).MP4	81062	59.94006
IO119	1	0	0.00000	0	IO119_R1202 (3).MP4	81121	59.94006
IO119	1	0	0.00000	0	IO119_R1202 (4).MP4	9092	59.94006
FH79	0	0	0.00000	0	FH79_L1201 (1).MP4	81122	59.94006
FH79	0	0	0.00000	0	FH79_L1201 (2).MP4	81062	59.94006
FH79	0	0	0.00000	0	FH79_L1201 (3).MP4	81061	59.94006
FH79	0	0	0.00000	0	FH79_L1201 (4).MP4	40982	59.94006
FH79	1	0	0.00000	0	FH79_R1202 (1).MP4	81122	59.94006
FH79	1	0	0.00000	0	FH79_R1202 (2).MP4	81062	59.94006
FH79	1	0	0.00000	0	FH79_R1202 (3).MP4	81061	59.94006
FH79	1	0	0.00000	0	FH79_R1202 (4).MP4	40232	59.94006
FH52	0	0	0.00000	0	FH52_L372.avi	125651	25.00000
FH52	1	0	0.00000	0	FH52_R371.avi	126658	25.00000
FH83	0	0	0.00000	0	FH83_L1203 (1).MP4	81122	59.94006
FH83	0	0	0.00000	0	FH83_L1203 (2).MP4	81062	59.94006
FH83	0	0	0.00000	0	FH83_L1203 (3).MP4	81061	59.94006
FH83	0	0	0.00000	0	FH83_L1203 (4).MP4	81122	59.94006
FH83	0	0	0.00000	0	FH83_L1203 (5).MP4	2611	59.94006
FH83	1	0	0.00000	0	FH83_R1204 (1).MP4	81122	59.94006
FH83	1	0	0.00000	0	FH83_R1204 (2).MP4	81060	59.94006
FH83	1	0	0.00000	0	FH83_R1204 (3).MP4	81061	59.94006
FH83	1	0	0.00000	0	FH83_R1204 (4).MP4	81060	59.94006
FH83	1	0	0.00000	0	FH83_R1204 (5).MP4	1351	59.94006
FH111	0	0	0.00000	0	FH111_L1201 (1).MP4	81122	59.94006
FH111	0	0	0.00000	0	FH111_L1201 (2).MP4	81062	59.94006
FH111	0	0	0.00000	0	FH111_L1201 (3).MP4	81121	59.94006
FH111	0	0	0.00000	0	FH111_L1201 (4).MP4	45182	59.94006
FH111	1	0	0.00000	0	FH111_R1202 (1).MP4	81122	59.94006
FH111	1	0	0.00000	0	FH111_R1202 (2).MP4	81060	59.94006
FH111	1	0	0.00000	0	FH111_R1202 (3).MP4	81121	59.94006
FH111	1	0	0.00000	0	FH111_R1202 (4).MP4	46710	59.94006
IO133	0	0	0.00000	0	IO133_L1203 (1).MP4	81122	59.94006
IO133	0	0	0.00000	0	IO133_L1203 (2).MP4	81062	59.94006
IO133	0	0	0.00000	0	IO133_L1203 (3).MP4	81061	59.94006
IO133	0	0	0.00000	0	IO133_L1203 (4).MP4	81062	59.94006
IO133	0	0	0.00000	0	IO133_L1203 (5).MP4	19141	59.94006
IO133	1	0	0.00000	0	IO133_R1204 (1).MP4	81122	59.94006
IO133	1	0	0.00000	0	IO133_R1204 (2).MP4	81060	59.94006
IO133	1	0	0.00000	0	IO133_R1204 (3).MP4	81061	59.94006
IO133	1	0	0.00000	0	IO133_R1204 (4).MP4	81060	59.94006
IO133	1	0	0.00000	0	IO133_R1204 (5).MP4	20191	59.94006
IO133	1	0	0.00000	0	IO133_R1204 (2).MP4	81062	59.94006
FH51	0	0	0.00000	0	FH51_L369.avi	123639	25.00000
FH51	1	0	0.00000	0	FH51_R370.avi	122640	25.00000
FH47	0	0	0.00000	0	FH47_L378.avi	129112	25.00000
FH47	1	0	0.00000	0	FH47_R377.avi	128282	25.00000
FH42	0	0	0.00000	0	FH42_L367.avi	113175	25.00000
FH42	1	0	0.00000	0	FH42_R368.avi	112715	25.00000
FH25	0	0	0.00000	0	FH25_L373.avi	108823	25.00000
FH25	1	0	0.00000	0	FH25_R374.avi	108035	25.00000
FH16	0	0	0.00000	0	FH16_L372.avi	120467	25.00000
FH16	1	0	0.00000	0	FH16_R371.avi	119837	25.00000
FH10	0	0	0.00000	0	FH10_L375.avi	122468	25.00000
FH9	0	0	0.00000	0	FH9_L375.avi	117920	25.00000
FH9	1	0	0.00000	0	FH9_R376.avi	117071	25.00000
IO350	0	0	0.00000	0	IO350_L369.avi	117600	25.00000
IO350	1	0	0.00000	0	IO350_R370.avi	118282	25.00000
IO311	0	0	0.00000	0	IO311_L1201 (1).MP4	81122	59.94006
IO311	0	0	0.00000	0	IO311_L1201 (2).MP4	81062	59.94006
IO311	0	0	0.00000	0	IO311_L1201 (3).MP4	81061	59.94006
IO311	0	0	0.00000	0	IO311_L1201 (4).MP4	21272	59.94006
IO311	1	0	0.00000	0	IO311_R1202 (1).MP4	81122	59.94006
IO311	1	0	0.00000	0	IO311_R1202 (2).MP4	81062	59.94006
IO311	1	0	0.00000	0	IO311_R1202 (3).MP4	81061	59.94006
IO311	1	0	0.00000	0	IO311_R1202 (4).MP4	22892	59.94006
FH106	0	0	0.00000	0	FH106_L378.avi	128323	25.00000
FH106	1	0	0.00000	0	FH106_R377.avi	128051	25.00000
IO379	0	0	0.00000	0	IO379_L1205 (1).MP4	81122	59.94006
IO379	0	0	0.00000	0	IO379_L1205 (2).MP4	81062	59.94006
IO379	0	0	0.00000	0	IO379_L1205 (3).MP4	81121	59.94006
IO379	0	0	0.00000	0	IO379_L1205 (4).MP4	63272	59.94006
IO379	1	0	0.00000	0	IO379_R1206 (1).MP4	81122	59.94006
IO379	1	0	0.00000	0	IO379_R1206 (2).MP4	81062	59.94006
IO379	1	0	0.00000	0	IO379_R1206 (3).MP4	81121	59.94006
IO379	1	0	0.00000	0	IO379_R1206 (4).MP4	64022	59.94006
IO354	0	0	0.00000	0	IO354_L1201 (1).MP4	81122	59.94006
IO354	0	0	0.00000	0	IO354_L1201 (2).MP4	81062	59.94006
IO354	0	0	0.00000	0	IO354_L1201 (3).MP4	81061	59.94006
IO354	0	0	0.00000	0	IO354_L1201 (4).MP4	41432	59.94006
IO354	1	0	0.00000	0	IO354_R1202 (1).MP4	81122	59.94006
IO354	1	0	0.00000	0	IO354_R1202 (2).MP4	81062	59.94006
IO354	1	0	0.00000	0	IO354_R1202 (3).MP4	81121	59.94006
IO354	1	0	0.00000	0	IO354_R1202 (4).MP4	41102	59.94006
IO276	0	0	0.00000	0	IO276_L1201 (1).MP4	81122	59.94006
IO276	0	0	0.00000	0	IO276_L1201 (2).MP4	81062	59.94006
IO276	0	0	0.00000	0	IO276_L1201 (3).MP4	81061	59.94006
IO276	0	0	0.00000	0	IO276_L1201 (4).MP4	47162	59.94006
IO276	1	0	0.00000	0	IO276_R1202 (1).MP4	81122	59.94006
IO276	1	0	0.00000	0	IO276_R1202 (2).MP4	81062	59.94006
IO276	1	0	0.00000	0	IO276_R1202 (3).MP4	81061	59.94006
IO276	1	0	0.00000	0	IO276_R1202 (4).MP4	49742	59.94006
FH39	0	0	0.00000	0	FH39_L1205 (1).MP4	81122	59.94006
FH39	0	0	0.00000	0	FH39_L1205 (2).MP4	81122	59.94006
FH39	0	0	0.00000	0	FH39_L1205 (3).MP4	81061	59.94006
FH39	0	0	0.00000	0	FH39_L1205 (4).MP4	24422	59.94006
FH39	1	0	0.00000	0	FH39_R1206 (1).MP4	81122	59.94006
FH39	1	0	0.00000	0	FH39_R1206 (2).MP4	81122	59.94006
FH39	1	0	0.00000	0	FH39_R1206 (3).MP4	81061	59.94006
FH39	1	0	0.00000	0	FH39_R1206 (4).MP4	26222	59.94006
IO349	0	0	0.00000	0	IO349_L1201 (1).MP4	81122	59.94006
IO349	0	0	0.00000	0	IO349_L1201 (2).MP4	81062	59.94006
IO349	0	0	0.00000	0	IO349_L1201 (3).MP4	81061	59.94006
IO349	0	0	0.00000	0	IO349_L1201 (4).MP4	42272	59.94006
IO349	1	0	0.00000	0	IO349_R1202 (1).MP4	81122	59.94006
IO349	1	0	0.00000	0	IO349_R1202 (2).MP4	81062	59.94006
IO349	1	0	0.00000	0	IO349_R1202 (3).MP4	81061	59.94006
IO349	1	0	0.00000	0	IO349_R1202 (4).MP4	43832	59.94006
IO148	0	0	0.00000	0	IO148_L1205 (1).MP4	81122	59.94006
IO148	0	0	0.00000	0	IO148_L1205 (2).MP4	81062	59.94006
IO148	0	0	0.00000	0	IO148_L1205 (3).MP4	81061	59.94006
IO148	0	0	0.00000	0	IO148_L1205 (4).MP4	55202	59.94006
IO148	1	0	0.00000	0	IO148_R1206 (1).MP4	81122	59.94006
IO148	1	0	0.00000	0	IO148_R1206 (2).MP4	81062	59.94006
IO148	1	0	0.00000	0	IO148_R1206 (3).MP4	81061	59.94006
IO148	1	0	0.00000	0	IO148_R1206 (4).MP4	53342	59.94006
IO363	0	0	0.00000	0	IO363_L1203 (1).MP4	81122	59.94006
IO363	0	0	0.00000	0	IO363_L1203 (2).MP4	81062	59.94006
IO363	0	0	0.00000	0	IO363_L1203 (3).MP4	81061	59.94006
IO363	0	0	0.00000	0	IO363_L1203 (4).MP4	34652	59.94006
IO363	1	0	0.00000	0	IO363_R1204 (1).MP4	81122	59.94006
IO363	1	0	0.00000	0	IO363_R1204 (2).MP4	81062	59.94006
IO363	1	0	0.00000	0	IO363_R1204 (3).MP4	81061	59.94006
IO363	1	0	0.00000	0	IO363_R1204 (4).MP4	31862	59.94006
FH49	0	0	0.00000	0	FH49_L1201 (1).MP4	81122	59.94006
FH49	0	0	0.00000	0	FH49_L1201 (2).MP4	81122	59.94006
FH49	0	0	0.00000	0	FH49_L1201 (3).MP4	81061	59.94006
FH49	0	0	0.00000	0	FH49_L1201 (4).MP4	60302	59.94006
FH49	1	0	0.00000	0	FH49_R1202 (1).MP4	81122	59.94006
FH49	1	0	0.00000	0	FH49_R1202 (2).MP4	81062	59.94006
FH49	1	0	0.00000	0	FH49_R1202 (3).MP4	81061	59.94006
FH49	1	0	0.00000	0	FH49_R1202 (4).MP4	61352	59.94006
IO254	0	0	0.00000	0	IO254_L1205 (1).MP4	81122	59.94006
IO254	0	0	0.00000	0	IO254_L1205 (2).MP4	81062	59.94006
IO254	0	0	0.00000	0	IO254_L1205 (3).MP4	81061	59.94006
IO254	0	0	0.00000	0	IO254_L1205 (4).MP4	6962	59.94006
IO254	1	0	0.00000	0	IO254_R1206 (1).MP4	81122	59.94006
IO254	1	0	0.00000	0	IO254_R1206 (2).MP4	81062	59.94006
IO254	1	0	0.00000	0	IO254_R1206 (3).MP4	81061	59.94006
IO254	1	0	0.00000	0	IO254_R1206 (4).MP4	6212	59.94006
IO365	0	0	0.00000	0	IO365_L1201 (1).MP4	81122	59.94006
IO365	0	0	0.00000	0	IO365_L1201 (2).MP4	81062	59.94006
IO365	0	0	0.00000	0	IO365_L1201 (3).MP4	81061	59.94006
IO365	0	0	0.00000	0	IO365_L1201 (4).MP4	81062	59.94006
IO365	1	0	0.00000	0	IO365_R1202 (1).MP4	81122	59.94006
IO365	1	0	0.00000	0	IO365_R1202 (2).MP4	81062	59.94006
IO365	1	0	0.00000	0	IO365_R1202 (3).MP4	81061	59.94006
IO365	1	0	0.00000	0	IO365_R1202 (4).MP4	81062	59.94006
IO365	1	0	0.00000	0	IO365_R1202 (5).MP4	21541	59.94006
IO71	0	0	0.00000	0	IO71_L1201 (1).MP4	81122	59.94006
IO71	0	0	0.00000	0	IO71_L1201 (2).MP4	81062	59.94006
IO71	0	0	0.00000	0	IO71_L1201 (3).MP4	81061	59.94006
IO71	0	0	0.00000	0	IO71_L1201 (4).MP4	39002	59.94006
IO71	1	0	0.00000	0	IO71_R1202 (1).MP4	81122	59.94006
IO71	1	0	0.00000	0	IO71_R1202 (2).MP4	81062	59.94006
IO71	1	0	0.00000	0	IO71_R1202 (3).MP4	81061	59.94006
IO71	1	0	0.00000	0	IO71_R1202 (4).MP4	35432	59.94006
IO15	0	0	0.00000	0	IO15_L1205 (1).MP4	81122	59.94006
IO15	0	0	0.00000	0	IO15_L1205 (2).MP4	81062	59.94006
IO15	0	0	0.00000	0	IO15_L1205 (3).MP4	81061	59.94006
IO15	0	0	0.00000	0	IO15_L1205 (4).MP4	80102	59.94006
IO15	1	0	0.00000	0	IO15_R1206 (1).MP4	81122	59.94006
IO15	1	0	0.00000	0	IO15_R1206 (2).MP4	81062	59.94006
IO15	1	0	0.00000	0	IO15_R1206 (3).MP4	81061	59.94006
IO15	1	0	0.00000	0	IO15_R1206 (4).MP4	77912	59.94006
FH66	0	0	0.00000	0	FH66_L1201 (1).MP4	81122	59.94006
FH66	0	0	0.00000	0	FH66_L1201 (2).MP4	81062	59.94006
FH66	0	0	0.00000	0	FH66_L1201 (3).MP4	81061	59.94006
FH66	0	0	0.00000	0	FH66_L1201 (4).MP4	12872	59.94006
FH66	1	0	0.00000	0	FH66_R1202 (1).MP4	81122	59.94006
FH66	1	0	0.00000	0	FH66_R1202 (2).MP4	81122	59.94006
FH66	1	0	0.00000	0	FH66_R1202 (3).MP4	81061	59.94006
FH66	1	0	0.00000	0	FH66_R1202 (4).MP4	18032	59.94006
FH85	0	0	0.00000	0	FH85_L1205 (1).MP4	81122	59.94006
FH85	0	0	0.00000	0	FH85_L1205 (2).MP4	81062	59.94006
FH85	0	0	0.00000	0	FH85_L1205 (3).MP4	81061	59.94006
FH85	0	0	0.00000	0	FH85_L1205 (4).MP4	55172	59.94006
FH85	1	0	0.00000	0	FH85_R1206 (1).MP4	81122	59.94006
FH85	1	0	0.00000	0	FH85_R1206 (2).MP4	81062	59.94006
FH85	1	0	0.00000	0	FH85_R1206 (3).MP4	81061	59.94006
FH85	1	0	0.00000	0	FH85_R1206 (4).MP4	57152	59.94006
IO36	0	0	0.00000	0	IO36_L1205 (1).MP4	81122	59.94006
IO36	0	0	0.00000	0	IO36_L1205 (2).MP4	81062	59.94006
IO36	0	0	0.00000	0	IO36_L1205 (3).MP4	81061	59.94006
IO36	0	0	0.00000	0	IO36_L1205 (4).MP4	81062	59.94006
IO36	0	0	0.00000	0	IO36_L1205 (5).MP4	721	59.94006
IO36	1	0	0.00000	0	IO36_R1206 (1).MP4	81122	59.94006
IO36	1	0	0.00000	0	IO36_R1206 (2).MP4	81062	59.94006
IO36	1	0	0.00000	0	IO36_R1206 (3).MP4	81061	59.94006
IO36	1	0	0.00000	0	IO36_R1206 (4).MP4	81122	59.94006
IO36	1	0	0.00000	0	IO36_R1206 (5).MP4	2221	59.94006
IO306	0	0	0.00000	0	IO306_L1201 (1).MP4	81122	59.94006
IO306	0	0	0.00000	0	IO306_L1201 (2).MP4	81062	59.94006
IO306	0	0	0.00000	0	IO306_L1201 (3).MP4	81061	59.94006
IO306	0	0	0.00000	0	IO306_L1201 (4).MP4	81062	59.94006
IO306	0	0	0.00000	0	IO306_L1201 (5).MP4	8281	59.94006
IO306	1	0	0.00000	0	IO306_R1202 (1).MP4	81122	59.94006
IO306	1	0	0.00000	0	IO306_R1202 (2).MP4	81062	59.94006
IO306	1	0	0.00000	0	IO306_R1202 (3).MP4	81061	59.94006
IO306	1	0	0.00000	0	IO306_R1202 (4).MP4	81062	59.94006
IO306	1	0	0.00000	0	IO306_R1202 (5).MP4	6391	59.94006
IO34	0	0	0.00000	0	IO34_L1201 (1).MP4	81122	59.94006
IO34	0	0	0.00000	0	IO34_L1201 (2).MP4	81062	59.94006
IO34	0	0	0.00000	0	IO34_L1201 (3).MP4	81061	59.94006
IO34	0	0	0.00000	0	IO34_L1201 (4).MP4	81062	59.94006
IO34	0	0	0.00000	0	IO34_L1201 (5).MP4	22771	59.94006
IO34	1	0	0.00000	0	IO34_R1202 (1).MP4	81122	59.94006
IO34	1	0	0.00000	0	IO34_R1202 (2).MP4	81062	59.94006
IO34	1	0	0.00000	0	IO34_R1202 (3).MP4	81061	59.94006
IO34	1	0	0.00000	0	IO34_R1202 (4).MP4	81062	59.94006
IO34	1	0	0.00000	0	IO34_R1202 (5).MP4	21781	59.94006
FH41	0	0	0.00000	0	FH41_L367.avi	117545	25.00000
FH41	1	0	0.00000	0	FH41_R368.avi	118833	25.00000
IO308	0	0	0.00000	0	IO308_L1203 (1).MP4	81122	59.94006
IO308	0	0	0.00000	0	IO308_L1203 (2).MP4	81062	59.94006
IO308	0	0	0.00000	0	IO308_L1203 (3).MP4	81061	59.94006
IO308	0	0	0.00000	0	IO308_L1203 (4).MP4	34262	59.94006
IO308	1	0	0.00000	0	IO308_R1204 (1).MP4	81122	59.94006
IO308	1	0	0.00000	0	IO308_R1204 (2).MP4	81062	59.94006
IO308	1	0	0.00000	0	IO308_R1204 (3).MP4	81061	59.94006
IO308	1	0	0.00000	0	IO308_R1204 (4).MP4	36152	59.94006
IO92	0	0	0.00000	0	IO92_L1203 (1).MP4	81122	59.94006
IO92	0	0	0.00000	0	IO92_L1203 (2).MP4	81062	59.94006
IO92	0	0	0.00000	0	IO92_L1203 (3).MP4	81061	59.94006
IO92	0	0	0.00000	0	IO92_L1203 (4).MP4	45092	59.94006
IO92	1	0	0.00000	0	IO92_R1204 (1).MP4	81122	59.94006
IO92	1	0	0.00000	0	IO92_R1204 (2).MP4	81062	59.94006
IO92	1	0	0.00000	0	IO92_R1204 (3).MP4	81061	59.94006
IO92	1	0	0.00000	0	IO92_R1204 (4).MP4	43442	59.94006
FH45	0	0	0.00000	0	FH45_L375.avi	110296	25.00000
FH45	1	0	0.00000	0	FH45_R376.avi	109618	25.00000
IO66	0	0	0.00000	0	IO66_L1203 (1).MP4	81122	59.94006
IO66	0	0	0.00000	0	IO66_L1203 (2).MP4	81062	59.94006
IO66	0	0	0.00000	0	IO66_L1203 (3).MP4	81061	59.94006
IO66	0	0	0.00000	0	IO66_L1203 (4).MP4	26042	59.94006
IO66	1	0	0.00000	0	IO66_R1204 (1).MP4	81122	59.94006
IO66	1	0	0.00000	0	IO66_R1204 (2).MP4	81062	59.94006
IO66	1	0	0.00000	0	IO66_R1204 (3).MP4	81061	59.94006
IO66	1	0	0.00000	0	IO66_R1204 (4).MP4	27212	59.94006
IO153	0	0	0.00000	0	IO153_L1203 (1).MP4	81122	59.94006
IO153	0	0	0.00000	0	IO153_L1203 (2).MP4	81062	59.94006
IO153	0	0	0.00000	0	IO153_L1203 (3).MP4	81061	59.94006
IO153	0	0	0.00000	0	IO153_L1203 (4).MP4	72152	59.94006
IO153	1	0	0.00000	0	IO153_R1204 (1).MP4	81122	59.94006
IO153	1	0	0.00000	0	IO153_R1204 (2).MP4	81062	59.94006
IO153	1	0	0.00000	0	IO153_R1204 (3).MP4	81061	59.94006
IO153	1	0	0.00000	0	IO153_R1204 (4).MP4	68222	59.94006
IO195	0	0	0.00000	0	IO195_L1205 (1).MP4	81122	59.94006
IO195	0	0	0.00000	0	IO195_L1205 (2).MP4	81062	59.94006
IO195	0	0	0.00000	0	IO195_L1205 (3).MP4	81061	59.94006
IO195	0	0	0.00000	0	IO195_L1205 (4).MP4	47192	59.94006
IO195	1	0	0.00000	0	IO195_R1206 (1).MP4	81122	59.94006
IO195	1	0	0.00000	0	IO195_R1206 (2).MP4	81062	59.94006
IO195	1	0	0.00000	0	IO195_R1206 (3).MP4	81061	59.94006
IO195	1	0	0.00000	0	IO195_R1206 (4).MP4	45512	59.94006
FH48	0	0	0.00000	0	FH48_L372.avi	134847	25.00000
FH48	1	0	0.00000	0	FH48_R371.avi	135619	25.00000
FH70	0	0	0.00000	0	FH70_L369.avi	120010	25.00000
FH70	1	0	0.00000	0	FH70_R370.avi	119976	25.00000
FH74	0	0	0.00000	0	FH74_L373.avi	127938	25.00000
FH74	1	0	0.00000	0	FH74_R374.avi	127124	25.00000
FH56	0	0	0.00000	0	FH56_L369.avi	129658	25.00000
FH56	1	0	0.00000	0	FH56_R370.avi	128758	25.00000
FH89	0	0	0.00000	0	FH89_L372.avi	106281	25.00000
FH89	1	0	0.00000	0	FH89_R371.avi	106032	25.00000
IO74	0	0	0.00000	0	IO74_L1205 (1).MP4	81122	59.94006
IO74	0	0	0.00000	0	IO74_L1205 (2).MP4	81122	59.94006
IO74	0	0	0.00000	0	IO74_L1205 (3).MP4	81061	59.94006
IO74	0	0	0.00000	0	IO74_L1205 (4).MP4	17582	59.94006
IO74	1	0	0.00000	0	IO74_R1206 (1).MP4	81122	59.94006
IO74	1	0	0.00000	0	IO74_R1206 (2).MP4	81062	59.94006
IO74	1	0	0.00000	0	IO74_R1206 (3).MP4	81061	59.94006
IO74	1	0	0.00000	0	IO74_R1206 (4).MP4	16682	59.94006
FH57	0	0	0.00000	0	FH57_L369.avi	124522	25.00000
FH57	1	0	0.00000	0	FH57_R370.avi	123654	25.00000
FH96	0	0	0.00000	0	FH96_L378.avi	127484	25.00000
FH96	1	0	0.00000	0	FH96_R377.avi	127452	25.00000
FH63	0	0	0.00000	0	FH63_L378.avi	129822	25.00000
FH63	1	0	0.00000	0	FH63_R377.avi	129153	25.00000
IO310	0	0	0.00000	0	IO310_L1205 (1).MP4	81122	59.94006
IO310	0	0	0.00000	0	IO310_L1205 (2).MP4	81062	59.94006
IO310	0	0	0.00000	0	IO310_L1205 (3).MP4	81061	59.94006
IO310	0	0	0.00000	0	IO310_L1205 (4).MP4	23072	59.94006
IO310	1	0	0.00000	0	IO310_R1206 (1).MP4	81122	59.94006
IO310	1	0	0.00000	0	IO310_R1206 (2).MP4	81062	59.94006
IO310	1	0	0.00000	0	IO310_R1206 (3).MP4	81061	59.94006
IO310	1	0	0.00000	0	IO310_R1206 (4).MP4	23162	59.94006
IO377	0	0	0.00000	0	IO377_L1205 (1).MP4	81122	59.94006
IO377	0	0	0.00000	0	IO377_L1205 (2).MP4	81062	59.94006
IO377	0	0	0.00000	0	IO377_L1205 (3).MP4	81121	59.94006
IO377	0	0	0.00000	0	IO377_L1205 (4).MP4	48902	59.94006
IO377	1	0	0.00000	0	IO377_R1206 (1).MP4	81122	59.94006
IO377	1	0	0.00000	0	IO377_R1206 (2).MP4	81062	59.94006
IO377	1	0	0.00000	0	IO377_R1206 (3).MP4	81121	59.94006
IO377	1	0	0.00000	0	IO377_R1206 (4).MP4	51482	59.94006
FH58	0	0	0.00000	0	FH58_L373.avi	120694	25.00000
FH58	1	0	0.00000	0	FH58_R374.avi	121173	25.00000
FH65	0	0	0.00000	0	FH65_L367.avi	127498	25.00000
FH65	1	0	0.00000	0	FH65_R368.avi	127497	25.00000
FH59	0	0	0.00000	0	FH59_L372.avi	139258	25.00000
FH59	1	0	0.00000	0	FH59_R371_reconverted.avi	138659	25.00000
IO126	0	0	0.00000	0	IO126_L1205 (1).MP4	81122	59.94006
IO126	0	0	0.00000	0	IO126_L1205 (2).MP4	81062	59.94006
IO126	0	0	0.00000	0	IO126_L1205 (3).MP4	81061	59.94006
IO126	0	0	0.00000	0	IO126_L1205 (4).MP4	77792	59.94006
IO126	1	0	0.00000	0	IO126_R1206 (1).MP4	81122	59.94006
IO126	1	0	0.00000	0	IO126_R1206 (2).MP4	81062	59.94006
IO126	1	0	0.00000	0	IO126_R1206 (3).MP4	81061	59.94006
IO126	1	0	0.00000	0	IO126_R1206 (4).MP4	77612	59.94006
FH60	0	0	0.00000	0	FH60_L375.avi	120296	25.00000
FH60	1	0	0.00000	0	FH60_R376.avi	118451	25.00000
FH61	0	0	0.00000	0	FH61_L367.avi	138429	25.00000
FH61	1	0	0.00000	0	FH61_R368.avi	138010	25.00000
IO122	0	0	0.00000	0	IO122_L1201 (1).MP4	81122	59.94006
IO122	0	0	0.00000	0	IO122_L1201 (2).MP4	81122	59.94006
IO122	0	0	0.00000	0	IO122_L1201 (3).MP4	81061	59.94006
IO122	0	0	0.00000	0	IO122_L1201 (4).MP4	81062	59.94006
IO122	0	0	0.00000	0	IO122_L1201 (5).MP4	13291	59.94006
IO122	1	0	0.00000	0	IO122_R1202 (1).MP4	81122	59.94006
IO122	1	0	0.00000	0	IO122_R1202 (2).MP4	81062	59.94006
IO122	1	0	0.00000	0	IO122_R1202 (3).MP4	81061	59.94006
IO122	1	0	0.00000	0	IO122_R1202 (4).MP4	81062	59.94006
IO122	1	0	0.00000	0	IO122_R1202 (5).MP4	13291	59.94006
IO146	0	0	0.00000	0	IO146_L1201 (1).MP4	81122	59.94006
IO146	0	0	0.00000	0	IO146_L1201 (2).MP4	81062	59.94006
IO146	0	0	0.00000	0	IO146_L1201 (3).MP4	81061	59.94006
IO146	0	0	0.00000	0	IO146_L1201 (4).MP4	65852	59.94006
IO146	1	0	0.00000	0	IO146_R1202 (1).MP4	81122	59.94006
IO146	1	0	0.00000	0	IO146_R1202 (2).MP4	81062	59.94006
IO146	1	0	0.00000	0	IO146_R1202 (3).MP4	81061	59.94006
IO146	1	0	0.00000	0	IO146_R1202 (4).MP4	63662	59.94006
IO244	0	0	0.00000	0	IO244_L1203 (1).MP4	81062	59.94006
IO244	0	0	0.00000	0	IO244_L1203 (2).MP4	80941	59.94006
IO244	0	0	0.00000	0	IO244_L1203 (3).MP4	81002	59.94006
IO244	0	0	0.00000	0	IO244_L1203 (4).MP4	51511	59.94006
IO244	1	0	0.00000	0	IO244_R1204 (1).MP4	81062	59.94006
IO244	1	0	0.00000	0	IO244_R1204 (2).MP4	80941	59.94006
IO244	1	0	0.00000	0	IO244_R1204 (3).MP4	80942	59.94006
IO244	1	0	0.00000	0	IO244_R1204 (4).MP4	49051	59.94006
IO134	0	0	0.00000	0	IO134_L1205 (1).MP4	81122	59.94006
IO134	0	0	0.00000	0	IO134_L1205 (2).MP4	81062	59.94006
IO134	0	0	0.00000	0	IO134_L1205 (3).MP4	81121	59.94006
IO134	0	0	0.00000	0	IO134_L1205 (4).MP4	6452	59.94006
IO134	1	0	0.00000	0	IO134_R1206 (1).MP4	81122	59.94006
IO134	1	0	0.00000	0	IO134_R1206 (2).MP4	81062	59.94006
IO134	1	0	0.00000	0	IO134_R1206 (3).MP4	81121	59.94006
IO134	1	0	0.00000	0	IO134_R1206 (4).MP4	6302	59.94006
IO260	0	0	0.00000	0	IO260_L1205 (1).MP4	81122	59.94006
IO260	0	0	0.00000	0	IO260_L1205 (2).MP4	81062	59.94006
IO260	0	0	0.00000	0	IO260_L1205 (3).MP4	81061	59.94006
IO260	0	0	0.00000	0	IO260_L1205 (4).MP4	61952	59.94006
IO260	1	0	0.00000	0	IO260_R1206 (1).MP4	81122	59.94006
IO260	1	0	0.00000	0	IO260_R1206 (2).MP4	81062	59.94006
IO260	1	0	0.00000	0	IO260_R1206 (3).MP4	81061	59.94006
IO260	1	0	0.00000	0	IO260_R1206 (4).MP4	60122	59.94006
IO5	0	0	0.00000	0	IO5_L1203 (1).MP4	81182	59.94006
IO5	0	0	0.00000	0	IO5_L1203 (2).MP4	81182	59.94006
IO5	0	0	0.00000	0	IO5_L1203 (3).MP4	81061	59.94006
IO5	0	0	0.00000	0	IO5_L1203 (4).MP4	23582	59.94006
IO5	1	0	0.00000	0	IO5_R1204 (1).MP4	81182	59.94006
IO5	1	0	0.00000	0	IO5_R1204 (2).MP4	81182	59.94006
IO5	1	0	0.00000	0	IO5_R1204 (3).MP4	81121	59.94006
IO5	1	0	0.00000	0	IO5_R1204 (4).MP4	22591	59.94006
IO96	0	0	0.00000	0	IO96_L1203 (1).MP4	81122	59.94006
IO96	0	0	0.00000	0	IO96_L1203 (2).MP4	81062	59.94006
IO96	0	0	0.00000	0	IO96_L1203 (3).MP4	81061	59.94006
IO96	0	0	0.00000	0	IO96_L1203 (4).MP4	76802	59.94006
IO96	1	0	0.00000	0	IO96_R1204 (1).MP4	81122	59.94006
IO96	1	0	0.00000	0	IO96_R1204 (2).MP4	81062	59.94006
IO96	1	0	0.00000	0	IO96_R1204 (3).MP4	81061	59.94006
IO96	1	0	0.00000	0	IO96_R1204 (4).MP4	78692	59.94006
IO199	0	0	0.00000	0	IO199_L1201 (1).MP4	81122	59.94006
IO199	0	0	0.00000	0	IO199_L1201 (2).MP4	81062	59.94006
IO199	0	0	0.00000	0	IO199_L1201 (3).MP4	81121	59.94006
IO199	0	0	0.00000	0	IO199_L1201 (4).MP4	22622	59.94006
IO199	1	0	0.00000	0	IO199_R1202 (1).MP4	81122	59.94006
IO199	1	0	0.00000	0	IO199_R1202 (2).MP4	81062	59.94006
IO199	1	0	0.00000	0	IO199_R1202 (3).MP4	81061	59.94006
IO199	1	0	0.00000	0	IO199_R1202 (4).MP4	24212	59.94006
IO259	0	0	0.00000	0	IO259_L1201 (1).MP4	81122	59.94006
IO259	0	0	0.00000	0	IO259_L1201 (2).MP4	81062	59.94006
IO259	0	0	0.00000	0	IO259_L1201 (3).MP4	81061	59.94006
IO259	0	0	0.00000	0	IO259_L1201 (4).MP4	62792	59.94006
IO259	1	0	0.00000	0	IO259_R1202 (1).MP4	81122	59.94006
IO259	1	0	0.00000	0	IO259_R1202 (2).MP4	81062	59.94006
IO259	1	0	0.00000	0	IO259_R1202 (3).MP4	81061	59.94006
IO259	1	0	0.00000	0	IO259_R1202 (4).MP4	64622	59.94006
IO220	0	0	0.00000	0	IO220_L1203 (1).MP4	81122	59.94006
IO220	0	0	0.00000	0	IO220_L1203 (2).MP4	81062	59.94006
IO220	0	0	0.00000	0	IO220_L1203 (3).MP4	81061	59.94006
IO220	0	0	0.00000	0	IO220_L1203 (4).MP4	81122	59.94006
IO220	0	0	0.00000	0	IO220_L1203 (5).MP4	6031	59.94006
IO220	1	0	0.00000	0	IO220_R1204 (1).MP4	81122	59.94006
IO220	1	0	0.00000	0	IO220_R1204 (2).MP4	81062	59.94006
IO220	1	0	0.00000	0	IO220_R1204 (3).MP4	81061	59.94006
IO220	1	0	0.00000	0	IO220_R1204 (4).MP4	81122	59.94006
IO220	1	0	0.00000	0	IO220_R1204 (5).MP4	6931	59.94006
IO147	0	0	0.00000	0	IO147_L1205 (1).MP4	81122	59.94006
IO147	0	0	0.00000	0	IO147_L1205 (2).MP4	81062	59.94006
IO147	0	0	0.00000	0	IO147_L1205 (3).MP4	81061	59.94006
IO147	0	0	0.00000	0	IO147_L1205 (4).MP4	81062	59.94006
IO147	1	0	0.00000	0	IO147_R1206 (1).MP4	81122	59.94006
IO147	1	0	0.00000	0	IO147_R1206 (2).MP4	81062	59.94006
IO147	1	0	0.00000	0	IO147_R1206 (3).MP4	81061	59.94006
IO147	1	0	0.00000	0	IO147_R1206 (4).MP4	81062	59.94006
IO147	1	0	0.00000	0	IO147_R1206 (5).MP4	22471	59.94006
IO236	0	0	0.00000	0	IO236_L1203 (1).MP4	81122	59.94006
IO236	0	0	0.00000	0	IO236_L1203 (2).MP4	81062	59.94006
IO236	0	0	0.00000	0	IO236_L1203 (3).MP4	81061	59.94006
IO236	0	0	0.00000	0	IO236_L1203 (4).MP4	59942	59.94006
IO236	1	0	0.00000	0	IO236_R1204 (1).MP4	81122	59.94006
IO236	1	0	0.00000	0	IO236_R1204 (2).MP4	81062	59.94006
IO236	1	0	0.00000	0	IO236_R1204 (3).MP4	81061	59.94006
IO236	1	0	0.00000	0	IO236_R1204 (4).MP4	58922	59.94006
IOC06	0	0	0.00000	0	IOC06_L372.avi	151137	25.00000
IOC06	1	0	0.00000	0	IOC06_R371.avi	152086	25.00000
IO75	0	0	0.00000	0	IO75_L1201 (1).MP4	81122	59.94006
IO75	0	0	0.00000	0	IO75_L1201 (2).MP4	81062	59.94006
IO75	0	0	0.00000	0	IO75_L1201 (3).MP4	81061	59.94006
IO75	0	0	0.00000	0	IO75_L1201 (4).MP4	18452	59.94006
IO75	1	0	0.00000	0	IO75_R1202 (1).MP4	81122	59.94006
IO75	1	0	0.00000	0	IO75_R1202 (2).MP4	81062	59.94006
IO75	1	0	0.00000	0	IO75_R1202 (3).MP4	81061	59.94006
IO75	1	0	0.00000	0	IO75_R1202 (4).MP4	18452	59.94006
IO356	0	0	0.00000	0	IO356_L1205 (1).MP4	81122	59.94006
IO356	0	0	0.00000	0	IO356_L1205 (2).MP4	81122	59.94006
IO356	0	0	0.00000	0	IO356_L1205 (3).MP4	81061	59.94006
IO356	0	0	0.00000	0	IO356_L1205 (4).MP4	64622	59.94006
IO356	1	0	0.00000	0	IO356_R1206 (1).MP4	81122	59.94006
IO356	1	0	0.00000	0	IO356_R1206 (2).MP4	81062	59.94006
IO356	1	0	0.00000	0	IO356_R1206 (3).MP4	81061	59.94006
IO356	1	0	0.00000	0	IO356_R1206 (4).MP4	63992	59.94006
IO226	0	0	0.00000	0	IO226_L1205 (1).MP4	81122	59.94006
IO226	0	0	0.00000	0	IO226_L1205 (2).MP4	81062	59.94006
IO226	0	0	0.00000	0	IO226_L1205 (3).MP4	81061	59.94006
IO226	0	0	0.00000	0	IO226_L1205 (4).MP4	54362	59.94006
IO226	1	0	0.00000	0	IO226_R1206 (1).MP4	81122	59.94006
IO226	1	0	0.00000	0	IO226_R1206 (2).MP4	81062	59.94006
IO226	1	0	0.00000	0	IO226_R1206 (3).MP4	81061	59.94006
IO226	1	0	0.00000	0	IO226_R1206 (4).MP4	55262	59.94006
IO217	0	0	0.00000	0	IO217_L1201 (1).MP4	81122	59.94006
IO217	0	0	0.00000	0	IO217_L1201 (2).MP4	81062	59.94006
IO217	0	0	0.00000	0	IO217_L1201 (3).MP4	81061	59.94006
IO217	0	0	0.00000	0	IO217_L1201 (4).MP4	81062	59.94006
IO217	0	0	0.00000	0	IO217_L1201 (5).MP4	1951	59.94006
IO217	1	0	0.00000	0	IO217_R1202 (1).MP4	81122	59.94006
IO217	1	0	0.00000	0	IO217_R1202 (2).MP4	81062	59.94006
IO217	1	0	0.00000	0	IO217_R1202 (3).MP4	81061	59.94006
IO217	1	0	0.00000	0	IO217_R1202 (4).MP4	81062	59.94006
IO217	1	0	0.00000	0	IO217_R1202 (5).MP4	121	59.94006
FH37	0	0	0.00000	0	FH37_L373.avi	107339	25.00000
FH37	1	0	0.00000	0	FH37_R374.avi	106764	25.00000
IO95	0	0	0.00000	0	IO95_L369.avi	140328	25.00000
IO95	1	0	0.00000	0	IO95_R370.avi	141132	25.00000
IO228	0	0	0.00000	0	IO228_L1203 (1).MP4	81122	59.94006
IO228	0	0	0.00000	0	IO228_L1203 (2).MP4	81062	59.94006
IO228	0	0	0.00000	0	IO228_L1203 (3).MP4	81061	59.94006
IO228	0	0	0.00000	0	IO228_L1203 (4).MP4	38372	59.94006
IO228	1	0	0.00000	0	IO228_R1204 (1).MP4	62	59.94006
IO228	1	0	0.00000	0	IO228_R1204 (2).MP4	81122	59.94006
IO228	1	0	0.00000	0	IO228_R1204 (3).MP4	81122	59.94006
IO228	1	0	0.00000	0	IO228_R1204 (4).MP4	81061	59.94006
IO228	1	0	0.00000	0	IO228_R1204 (5).MP4	37172	59.94006
IO62	0	0	0.00000	0	IO62_R371.avi	126072	25.00000
IO62	1	0	0.00000	0	IO62_L372.avi	99266	25.00000
IO293	0	0	0.00000	0	IO293_L372.avi	113640	25.00000
IO293	1	0	0.00000	0	IO293_R371.avi	113256	25.00000
IO98	0	0	0.00000	0	IO98_L375.avi	138369	25.00000
IO98	1	0	0.00000	0	IO98_R376.avi	137603	25.00000
IO273	0	0	0.00000	0	IO273_L1205 (1).MP4	81122	59.94006
IO273	0	0	0.00000	0	IO273_L1205 (2).MP4	81062	59.94006
IO273	0	0	0.00000	0	IO273_L1205 (3).MP4	81061	59.94006
IO273	0	0	0.00000	0	IO273_L1205 (4).MP4	56432	59.94006
IO273	1	0	0.00000	0	IO273_R1206 (1).MP4	81122	59.94006
IO273	1	0	0.00000	0	IO273_R1206 (2).MP4	81062	59.94006
IO273	1	0	0.00000	0	IO273_R1206 (3).MP4	81061	59.94006
IO273	1	0	0.00000	0	IO273_R1206 (4).MP4	53672	59.94006
IO328	0	0	0.00000	0	IO328_L1201 (1).MP4	81122	59.94006
IO328	0	0	0.00000	0	IO328_L1201 (2).MP4	81062	59.94006
IO328	0	0	0.00000	0	IO328_L1201 (3).MP4	81061	59.94006
IO328	0	0	0.00000	0	IO328_L1201 (4).MP4	55712	59.94006
IO328	1	0	0.00000	0	IO328_R1202 (1).MP4	81122	59.94006
IO328	1	0	0.00000	0	IO328_R1202 (2).MP4	81062	59.94006
IO328	1	0	0.00000	0	IO328_R1202 (3).MP4	81061	59.94006
IO328	1	0	0.00000	0	IO328_R1202 (4).MP4	51662	59.94006
IO59	0	0	0.00000	0	IO59_L1201 (1).MP4	81122	59.94006
IO59	0	0	0.00000	0	IO59_L1201 (2).MP4	81062	59.94006
IO59	0	0	0.00000	0	IO59_L1201 (3).MP4	81061	59.94006
IO59	0	0	0.00000	0	IO59_L1201 (4).MP4	59702	59.94006
IO59	1	0	0.00000	0	IO59_R1202 (1).MP4	81122	59.94006
IO59	1	0	0.00000	0	IO59_R1202 (2).MP4	81062	59.94006
IO59	1	0	0.00000	0	IO59_R1202 (3).MP4	81061	59.94006
IO59	1	0	0.00000	0	IO59_R1202 (4).MP4	61292	59.94006
FH24	0	0	0.00000	0	FH24_L1201 (1).MP4	81122	59.94006
FH24	0	0	0.00000	0	FH24_L1201 (2).MP4	81062	59.94006
FH24	0	0	0.00000	0	FH24_L1201 (3).MP4	81061	59.94006
FH24	0	0	0.00000	0	FH24_L1201 (4).MP4	52622	59.94006
FH24	1	0	0.00000	0	FH24_R1202 (1).MP4	81122	59.94006
FH24	1	0	0.00000	0	FH24_R1202 (2).MP4	81062	59.94006
FH24	1	0	0.00000	0	FH24_R1202 (3).MP4	81061	59.94006
FH24	1	0	0.00000	0	FH24_R1202 (4).MP4	52142	59.94006
FHC01	0	0	0.00000	0	FHCO1_L1203 (1).MP4	81122	59.94006
FHC01	0	0	0.00000	0	FHCO1_L1203 (2).MP4	81062	59.94006
FHC01	0	0	0.00000	0	FHCO1_L1203 (3).MP4	81061	59.94006
FHC01	0	0	0.00000	0	FHCO1_L1203 (4).MP4	81062	59.94006
FHC01	0	0	0.00000	0	FHCO1_L1203 (5).MP4	74701	59.94006
FHC01	1	0	0.00000	0	FHCO1_R1204 (1).MP4	81122	59.94006
FHC01	1	0	0.00000	0	FHCO1_R1204 (2).MP4	81060	59.94006
FHC01	1	0	0.00000	0	FHCO1_R1204 (3).MP4	81061	59.94006
FHC01	1	0	0.00000	0	FHCO1_R1204 (4).MP4	81060	59.94006
FHC01	1	0	0.00000	0	FHCO1_R1204 (5).MP4	72991	59.94006
FH14	0	0	0.00000	0	FH14_R371.avi	124823	25.00000
FH54	0	0	0.00000	0	FH54_R371.avi	116802	25.00000
FH2	0	0	0.00000	0	FH2_L375.avi	111206	25.00000
FH40	0	0	0.00000	0	FH40_R370.avi	108264	25.00000
IO189	0	0	0.00000	0	IO189_R368.avi	149854	25.00000
IO16	0	0	0.00000	0	IO16_R377.avi	106796	25.00000
