OpCode	ImagePtPair	Index	Lx	Ly	Rx	Ry
20210511_1	0	0	525.18711	1480.20264	515.84139	1535.06608
20210511_1	0	1	177.24907	1500.07048	159.36059	1511.27753
20210511_1	1	0	783.34449	1405.33040	786.11896	1297.87665
20210511_1	1	1	147.11276	1425.52423	159.80173	1228.85903
20210511_1	2	0	3356.34572	1937.90749	3324.91202	1845.56388
20210511_1	2	1	3396.79182	1933.14978	3360.99628	1847.14978
20210511_1	3	0	2977.18959	1970.06608	2927.48203	1816.07048
20210511_1	4	0	2654.86989	445.12335	2619.04957	566.19824
20210511_1	5	0	3032.22677	460.92511	2995.65923	545.43172
20210511_1	5	1	3152.37546	429.20705	3117.79058	533.93392
20210511_1	6	0	2530.26146	228.17181	2506.79430	338.17181
20210511_1	6	1	2646.84139	225.39648	2617.02974	343.72247
20210511_1	7	0	2173.58984	249.25551	2145.14126	359.36564
20210511_1	7	1	2270.34325	236.56828	2246.25651	347.47137
20210511_1	8	0	2433.33209	639.92952	2373.10657	634.43612
20210511_1	8	1	2590.35812	586.00881	2544.01115	593.99559
20210511_1	9	0	1798.98513	646.10132	1769.71128	696.16300
20210511_1	10	0	1328.15242	663.55066	1273.22677	735.55066
20210511_1	10	1	1445.12887	661.56828	1392.58240	715.72687
20210511_1	11	0	498.38166	658.24229	389.71252	618.72687
20210511_1	11	1	695.85378	667.36123	600.66667	645.29075
20210511_1	12	0	2863.98017	992.56828	2827.49814	736.08811
20210511_1	12	1	2808.06939	970.36564	2756.91574	718.64317
20210511_1	13	0	1439.96406	617.51542	1408.77323	691.08811
20210511_1	13	1	1336.86617	625.44493	1304.08922	691.08811
20210511_1	14	0	2868.49938	1017.68282	2831.46097	786.65198
20210511_1	14	1	2808.22677	987.55066	2762.46468	758.50220
20210511_1	15	0	1568.11772	588.20264	1540.28996	647.67401
20210511_1	15	1	1448.76208	551.33040	1421.72739	624.28194
20210511_1	16	0	3277.49600	694.75027	3278.92668	674.02629
20210511_1	16	1	3113.84843	632.05586	3100.29452	604.62870
20210511_1	17	0	2344.53284	211.25991	2324.80173	254.50220
20210511_1	17	1	2120.88971	273.11013	2108.29616	296.52863
20210511_1	18	0	3534.27509	431.72247	3510.87980	408.96916
20210511_1	18	1	3798.76084	398.81498	3766.24535	366.54626
20210511_1	19	0	1278.22305	1370.01762	1273.46097	1238.94273
20210511_1	19	1	1205.65799	1370.81057	1200.10285	1240.52863
20210511_1	20	0	806.23792	1694.87665	792.28748	1444.59912
20210511_1	20	1	685.69269	1661.57269	673.53532	1400.94273
20210511_1	21	0	1180.07435	1246.51982	1170.55762	1122.81938
20210511_1	22	0	195.09294	303.57269	111.02850	361.08811
20210511_1	22	1	86.84015	318.24229	3.96530	374.96476
20210511_1	23	0	1041.74597	1924.76211	1026.64808	1523.23348
20210511_1	23	1	1248.33829	1833.17621	1230.65551	1448.96035
20210511_1	24	0	3191.60719	787.79295	3178.51673	661.10573
20210511_1	24	1	3446.97274	768.76211	3456.08798	613.52863
20210511_1	25	0	3378.34696	369.22026	3356.38290	366.59912
20210511_1	25	1	3544.88971	273.27313	3517.37423	252.41410
20210511_1	26	0	2705.98513	1884.94714	2636.05081	1657.92511
20210511_1	26	1	2773.39529	1891.68722	2711.78810	1664.26872
20210511_1	27	0	2894.96654	1946.65639	2840.91326	1624.21586
20210511_1	27	1	2973.47955	1954.58590	2914.66791	1628.57709
20210511_1	28	0	3343.51921	1996.25551	3321.58860	1650.91189
20210511_1	28	1	3433.53160	1987.13656	3415.16976	1622.36564
20210511_1	29	0	3384.36183	2124.31718	3382.25774	1759.14978
20210511_1	29	1	3463.27138	2110.83700	3469.09789	1733.77533
20210511_1	30	0	1219.42875	572.33040	1172.70508	616.58150
20210511_1	30	1	1104.83147	541.80176	1039.07435	584.46696
20210511_1	31	0	1420.60099	734.46696	1380.10161	582.22907
20210511_1	31	1	1312.74473	756.27313	1270.26270	603.63877
20210511_1	32	0	988.82528	652.69163	921.77323	593.00441
20210511_1	32	1	896.03717	653.08811	824.62330	598.55507
20210511_1	33	0	277.17472	542.30396	187.95539	606.03084
20210511_1	33	1	176.05948	495.12335	78.90954	554.09251
20210511_1	34	0	2396.94424	940.82819	2296.42751	710.08370
20210511_1	34	1	2274.01983	938.05286	2160.02107	670.83260
20210511_1	35	0	1146.91326	515.70925	1087.99752	587.45374
20210511_1	35	1	1059.67658	516.50220	1001.95043	596.96916
20210511_1	36	0	3367.79430	1754.72247	3323.12144	1529.71806
20210511_1	36	1	3487.54647	1727.76211	3449.61462	1494.82819
20210511_1	37	0	2754.67906	936.49780	2687.62330	704.46256
20210511_1	37	1	2975.94300	870.28634	2939.42007	630.32159
20210511_1	38	0	1032.35936	550.27753	967.80793	572.07048
20210511_1	38	1	966.13879	529.66079	901.19083	564.53744
20210511_1	39	0	794.87980	326.50661	720.58364	475.48458
20210511_1	39	1	746.89963	340.77974	675.77571	490.55066
20210511_1	40	0	688.77447	293.18943	609.99876	421.03524
20210511_1	40	1	636.82900	294.77533	561.62206	423.81057
20210511_1	41	0	281.14002	343.77093	201.83395	499.01322
20210511_1	41	1	239.90087	302.53744	162.97398	457.38326
20210511_1	42	0	1002.27261	833.27753	943.78810	636.00881
20210511_1	42	1	862.69393	849.13656	785.96902	657.41850
20210511_1	43	0	384.18959	282.08811	312.86245	489.03965
20210511_1	44	0	1787.53160	860.20705	1794.35688	699.91630
20210511_1	44	1	1684.43371	853.46696	1684.91450	710.62115
20210511_1	45	0	1033.18959	519.40088	971.70756	614.38326
20210511_1	45	1	974.50310	509.09251	907.46964	611.21145
20210511_1	46	0	591.25774	299.60793	512.54895	447.45815
20210511_1	46	1	533.36431	269.87225	457.82776	420.89427
20210511_1	47	0	880.58488	230.08811	789.03346	284.88106
20210511_1	47	1	814.36431	208.67841	733.51921	272.98678
20210511_1	48	0	1746.84387	637.13656	1700.90954	497.12335
20210511_1	48	1	1644.93556	627.22467	1604.15613	510.20705
20210511_1	49	0	1632.11772	779.11894	1616.48203	707.93833
20210511_1	49	1	1536.55390	777.13656	1519.33209	719.03965
20210511_1	50	0	1731.80917	876.98238	1735.68649	717.70925
20210511_1	50	1	1635.45229	871.43172	1633.77819	732.77533
20210511_1	51	0	855.77447	474.31278	785.34325	543.23348
20210511_1	51	1	782.01983	472.33040	714.76084	547.19824
20210511_1	52	0	1905.37546	682.25991	1874.30855	563.36564
20210511_1	52	1	1795.53656	669.57269	1767.24535	572.48458
20210511_1	53	0	1344.23792	399.64758	1284.75836	551.89427
20210511_1	54	0	1670.42999	764.44934	1652.91202	651.00000
20210511_1	54	1	1559.40149	762.07048	1535.93556	664.08370
20210511_1	55	0	1565.41264	762.22467	1545.75836	691.54185
20210511_1	55	1	1493.24411	776.49780	1472.40025	717.70925
20210511_1	56	0	1079.96406	435.17181	1013.22181	516.90308
20210511_1	56	1	1021.67410	417.72687	949.77695	502.62996
20210511_1	57	0	1304.22305	614.44934	1257.72119	639.45374
20210511_1	57	1	1231.26146	600.96916	1185.94919	633.11013
20210511_1	58	0	1669.73854	783.44934	1654.87856	688.64317
20210511_1	58	1	1574.17472	789.39648	1562.09046	711.24229
20210511_1	59	0	1787.84387	563.72687	1738.63321	527.08811
20210511_1	59	1	1705.76208	570.46696	1655.75836	539.77533
20210511_1	60	0	289.38166	1790.13216	248.62454	1684.79295
20210511_1	61	0	786.92937	1943.66960	754.05081	1740.57709
20210511_1	61	1	700.08922	1930.98238	671.96902	1725.90749
20210511_1	62	0	528.40025	2042.64317	464.86493	1765.01762
20210511_1	62	1	621.18835	2054.14097	563.20446	1797.52863
20210511_1	63	0	673.27881	1901.58590	634.15737	1674.11894
20210511_1	63	1	732.75836	1924.18502	698.79182	1697.51101
20210511_1	64	0	913.44610	888.22026	851.87608	819.51101
20210511_1	64	1	715.18092	867.20705	636.56010	796.91189
20210511_1	65	0	811.55514	673.67401	747.32714	679.05286
20210511_1	65	1	697.35440	642.74890	622.42007	655.26432
20210511_1	66	0	615.37175	505.78855	543.53284	611.71366
20210511_1	66	1	455.96654	498.65198	368.26642	615.28194
20210511_1	67	0	728.92813	582.33040	647.53160	512.14097
20210511_1	67	1	607.98637	615.63436	531.74473	539.49780
20210511_1	68	0	866.34325	661.92952	796.63445	639.77533
20210511_1	68	1	766.41760	612.37004	687.98513	611.22907
20210511_1	69	0	815.20322	833.15859	742.59851	745.82819
20210511_1	69	1	687.52045	816.90308	604.20942	727.19383
20210511_1	70	0	2208.99876	583.92070	2148.96406	412.00441
20210511_1	70	1	2085.28129	620.00000	2031.59108	419.14097
20210511_1	71	0	2384.39405	490.00000	2339.44857	377.02203
20210511_1	71	1	2243.62577	478.10573	2194.71499	346.49339
20210511_1	72	0	2141.87732	562.96916	2084.48079	414.52423
20210511_1	72	1	2047.10657	597.46256	1975.43494	429.59031
20210511_1	73	0	2890.91698	455.32599	2856.87980	354.79295
20210511_1	73	1	3049.92565	397.44053	3025.00867	289.77093
20210511_1	74	0	2216.08922	401.92952	2178.84634	282.62115
20210511_1	74	1	2310.06691	353.95595	2286.70260	239.40529
20210511_1	75	0	2544.04833	633.67401	2489.70384	453.31278
20210511_1	75	1	2423.10657	666.58150	2359.64188	477.89427
20210511_1	76	0	2084.46344	665.85022	2000.89219	518.59031
20210511_1	77	0	1806.91078	664.69163	1771.11896	586.67841
20210511_1	77	1	1706.58860	684.91189	1676.74473	617.60352
20210511_1	78	0	1711.46468	705.07048	1673.17224	455.28194
20210511_1	78	1	1546.11152	699.51982	1505.04337	483.43172
20210511_1	79	0	1410.81289	1933.04405	1417.14002	1746.09692
20210511_1	79	1	1557.13259	1927.88987	1573.37299	1743.71806
20210511_1	80	0	3345.28501	998.99119	3389.49195	614.72247
20210511_1	80	1	3151.38166	991.06167	3153.55638	604.01762
20210511_1	81	0	3300.55143	814.61674	3304.98141	728.18943
20210511_1	81	1	3226.00372	803.11894	3232.01983	723.03524
20210511_1	82	0	3202.70260	828.61233	3192.99752	745.57269
20210511_1	82	1	3153.53284	817.11454	3145.01735	743.19383
20210511_1	83	0	3110.30731	445.53744	3086.15489	519.14097
20210511_1	84	0	2974.29740	508.97357	2949.35192	542.92952
20210511_1	85	0	1744.23544	602.08370	1694.25898	477.89427
20210511_1	85	1	1695.85874	682.96476	1663.72615	554.81057
20210511_1	86	0	1689.06691	349.15419	1606.89095	327.51542
20210511_1	86	1	1630.77695	336.46696	1535.51549	315.62115
20210511_1	87	0	3509.45973	303.31278	3490.53160	299.19824
20210511_1	87	1	3407.94796	289.43612	3385.84758	274.22026
20210511_1	88	0	2582.74102	201.74009	2562.33333	57.09251
20210511_1	89	0	2036.93432	727.39648	1937.70384	336.41850
20210511_1	89	1	2082.53532	750.78855	1974.97770	351.88106
20210511_1	90	0	2245.12020	457.51982	2207.65799	147.74449
20210511_1	90	1	2272.48079	486.46256	2226.69145	173.91189
20210511_1	91	0	2428.34449	496.98678	2387.72491	215.69604
20210511_1	91	1	2470.37670	520.77533	2423.80917	240.67401
20210511_1	92	0	2503.29616	692.38326	2446.06815	489.55947
20210511_1	92	1	2562.77571	718.55066	2498.01363	517.31278
20210511_1	93	0	2355.53408	378.14097	2324.02107	161.47137
20210511_1	93	1	2382.10161	405.10132	2352.57125	186.05286
20210511_1	94	0	2031.82156	801.67401	1927.13755	485.28634
20210511_1	95	0	2881.58860	728.15859	2849.72491	591.46696
20210511_1	95	1	2945.82652	747.98238	2908.80793	609.70485
20210511_1	96	0	2595.12144	885.81057	2523.08674	610.55507
20210511_1	96	1	2654.60099	890.56828	2590.89343	633.94714
20210511_1	97	0	2632.18959	643.48018	2581.63817	383.50661
20210511_1	97	1	2680.96283	643.87665	2631.20446	400.95154
20210511_1	98	0	2704.63693	729.20705	2658.24040	501.34361
20210511_1	98	1	2744.68649	746.25551	2695.11772	527.90749
20210511_1	99	0	3608.02974	857.82819	3645.70012	748.69604
20210511_1	99	1	3664.33705	883.20264	3711.12763	762.17621
20210511_1	100	0	2074.34572	207.00441	2069.88848	26.16740
20210511_1	101	0	2939.82528	1030.96476	2897.65180	574.26432
20210511_1	101	1	2890.65551	1004.00441	2840.55143	550.87225
20210511_1	102	0	2057.65799	318.68282	2039.29368	53.52423
20210511_1	102	1	2104.05204	336.92070	2086.48079	75.72687
20210511_1	103	0	2106.00124	748.33040	2008.27633	371.83700
20210511_1	103	1	2198.39281	764.18943	2093.53036	409.50220
20210511_1	104	0	2537.01859	737.24229	2471.39653	332.60793
20210511_1	104	1	2581.42999	743.58590	2516.99752	348.46696
20210511_1	105	0	2158.18835	1932.23789	2047.15366	1986.56388
20210511_1	105	1	2080.07187	1938.18502	1967.05452	1991.71806
20210511_1	106	0	2495.80917	1934.51982	2400.30855	1907.56388
20210511_1	106	1	2414.12392	1967.03084	2316.24411	1939.67841
20210511_1	107	0	2698.87732	1821.54185	2622.86121	1573.07048
20210511_1	107	1	2655.65551	1873.48018	2579.24287	1637.29956
20210511_1	108	0	1223.58860	899.22907	1152.31351	412.79736
20210511_1	108	1	1306.85998	903.59031	1254.22181	408.03965
20210511_1	109	0	2715.70756	674.63436	2672.34696	474.20705
20210511_1	109	1	2773.20446	634.59031	2742.53284	431.78414
20210511_1	110	0	2695.19207	1820.06608	2629.62330	1851.51101
20210511_1	110	1	2774.10161	1793.89868	2710.01735	1822.87225
20210511_1	111	0	3773.38290	116.56388	3721.04089	252.15859
20210511_1	112	0	3755.14250	75.72687	3714.29988	119.33921
20210511_1	113	0	1246.69145	1034.80176	1218.14126	727.92952
20210511_1	114	0	2761.62454	798.43612	2709.69145	486.31278
20210511_1	114	1	2901.99628	847.20264	2875.83767	543.80176
20210511_1	115	0	3386.15613	380.88546	3370.34572	403.38767
20210511_1	115	1	3482.90954	411.41410	3470.66791	426.77974
20210511_1	116	0	3429.07187	68.98678	3402.05081	154.22907
20210511_1	117	0	3256.22800	1943.87225	3222.67410	1802.60793
20210511_1	117	1	3383.11772	1883.21145	3352.05081	1749.35683
20210511_1	118	0	3066.84634	1009.56828	3057.05452	788.28194
20210511_1	118	1	3139.01487	1025.03084	3143.49814	810.08811
20210511_1	119	0	2198.84758	139.51101	2200.30855	36.47577
20210511_1	119	1	2294.01487	215.63436	2281.59727	117.35683
20210511_1	120	0	3411.74721	1819.82379	3373.68030	1736.56388
20210511_1	121	0	2529.07063	2024.40529	2443.63817	2136.21145
20210511_1	122	0	2611.77819	1853.75330	2546.55266	1666.64758
20210511_1	122	1	2684.73978	1813.31278	2622.05081	1628.13216
20210511_1	123	0	2552.00000	963.21145	2455.20818	481.84141
20210511_1	123	1	2639.23668	996.11894	2564.25403	517.52423
20210511_1	124	0	661.63569	1606.29515	641.82528	1616.96916
20210511_1	124	1	539.10781	1628.49780	524.05576	1635.60352
20210511_1	125	0	542.82652	1598.31718	529.36183	1636.80617
20210511_1	125	1	422.67782	1607.43612	400.48947	1637.99559
20210511_1	126	0	3541.80917	626.50661	3546.17100	753.08811
20210511_1	126	1	3676.62949	665.36123	3681.78439	780.04846
20210511_1	127	0	411.70508	1598.85022	392.56506	1631.89427
20210511_1	128	0	2029.86369	379.84581	2002.81289	328.18062
20210511_1	128	1	2213.06072	385.39648	2180.85502	368.22467
20210511_1	129	0	2031.48327	308.55947	2008.65923	357.76652
20210511_1	129	1	2192.87113	347.81057	2168.46097	418.42731
20210511_1	130	0	2007.55390	540.94714	1951.15861	446.95595
20210511_1	130	1	2254.98885	560.37445	2202.94672	504.07489
20210511_1	131	0	3269.88104	647.85463	3258.05576	755.20705
20210511_1	131	1	3418.97646	685.51982	3415.08178	789.30396
20210511_1	132	0	3294.86245	585.21145	3277.48575	690.18502
20210511_1	132	1	3433.64808	612.17181	3428.96035	705.25110
20210511_1	133	0	2229.57497	621.15859	2170.19331	495.99119
20210511_1	133	1	2462.33829	643.75771	2402.56010	563.78855
20210511_1	134	0	2079.45105	232.29956	2064.46964	291.96476
20210511_1	134	1	2231.71871	296.92511	2207.58736	361.39207
20210511_1	135	0	2488.49690	472.59031	2454.53656	518.56388
20210511_1	135	1	2654.64312	513.03084	2615.92441	565.34802
20210511_1	136	0	2241.18959	109.42731	2231.36307	249.16300
20210511_1	137	0	1500.73730	1682.76652	1497.39405	1495.05286
20210511_1	137	1	1358.77943	1732.32599	1352.66047	1521.22026
20210511_1	138	0	3392.50434	845.51101	3411.35068	767.88987
20210511_1	138	1	3596.71747	989.82819	3656.00991	876.12775
20210511_1	139	0	2754.20818	663.60793	2713.27757	476.88546
20210511_1	139	1	2854.13383	712.77093	2817.56506	533.97797
20210511_1	140	0	2324.25898	970.60793	2193.45105	419.14097
20210511_1	140	1	2422.20198	963.86784	2322.71995	431.82819
20210511_1	141	0	3431.51921	306.36564	3410.16109	491.78414
20210511_1	141	1	3583.39033	343.63436	3559.25651	516.76211
20210511_2	0	0	2890.09901	1430.66337	2829.99010	1536.28713
20210511_2	0	1	2778.11881	1422.64356	2717.41584	1528.86139
20210511_2	1	0	3198.33086	1919.92952	3153.60719	1719.38326
20210511_2	1	1	3366.85626	1891.38326	3332.83891	1693.21586
20210511_2	2	0	1661.80793	961.44493	1704.25651	865.13656
20210511_2	2	1	1428.64808	961.04846	1459.20074	866.72247
20210511_2	3	0	3220.67327	1021.63366	3230.99010	969.96040
20210511_2	3	1	3265.22772	991.63366	3276.73267	928.07921
20210511_2	4	0	2550.78218	570.53465	2501.23762	494.94059
20210511_2	4	1	2458.10891	594.89109	2402.92079	496.72277
20210511_2	5	0	2105.68317	342.23762	2076.82178	383.49505
20210511_2	6	0	3194.80198	346.29703	3172.07921	487.87129
20210511_2	7	0	626.33663	451.13861	523.41584	460.34653
20210511_2	7	1	721.98020	478.16832	623.81188	474.00990
20210511_2	8	0	2822.67327	1944.37624	2763.41584	1593.09901
20210511_2	8	1	2916.83168	1948.53465	2873.61386	1603.19802
20210511_2	9	0	3618.78218	409.39604	3601.48515	549.76238
20210511_2	10	0	2523.48515	2051.88119	2435.44554	1673.30693
20210511_2	10	1	2603.98020	2067.92079	2531.38614	1695.88119
20210511_2	11	0	2322.17822	1993.27723	2222.54455	1733.81188
20210511_2	11	1	2381.28713	1983.77228	2303.93069	1732.32673
20210511_2	12	0	2567.11881	1880.80198	2498.40594	1490.18812
20210511_2	12	1	2655.63366	1902.48515	2593.45545	1513.65347
20210511_2	13	0	1071.37624	1250.64356	1059.23762	1237.41584
20210511_2	13	1	1135.83168	1280.34653	1123.39604	1257.91089
20210511_2	14	0	113.76238	1118.23762	149.70297	1098.20792
20210511_2	15	0	3156.23762	284.97030	3132.39604	365.98020
20210511_2	16	0	2777.05941	1526.76238	2721.95050	1444.98020
20210511_2	16	1	2845.97030	1543.69307	2787.89109	1459.53465
20210511_2	17	0	3536.33663	122.97030	3495.60396	61.48515
20210511_2	17	1	3484.35644	109.90099	3445.70297	55.54455
20210511_2	18	0	2506.65347	230.49505	2485.22772	312.89109
20210511_2	18	1	2569.62376	212.37624	2549.38614	289.72277
20210511_2	19	0	2672.05452	1945.92952	2599.48327	1939.49339
20210511_2	19	1	2804.09913	1916.19383	2729.99876	1908.43172
20210511_2	20	0	2179.73978	868.15419	2070.70632	551.05727
20210511_2	20	1	2270.54523	891.54626	2168.64932	578.41410
20210511_2	21	0	2166.98637	1898.45815	2085.14002	1823.74009
20210511_2	21	1	2372.78563	1847.70925	2296.49071	1812.24229
20210511_2	22	0	2082.05576	1729.80617	1997.36555	1765.58150
20210511_2	22	1	2231.94424	1679.45374	2158.35688	1714.43612
20210511_2	23	0	644.96406	2146.12335	593.49938	1690.86344
20210511_2	23	1	556.14126	2139.38326	491.19455	1670.24670
20210511_2	24	0	356.87732	1541.49780	361.63569	1144.22907
20210511_2	25	0	2870.92937	1724.80617	2810.15242	1675.37004
20210511_2	25	1	2803.91574	1699.03524	2738.77695	1642.06608
20210511_2	26	0	3018.27385	1557.25551	2955.23916	1525.61233
20210511_2	26	1	2952.84634	1537.43172	2892.58736	1503.80617
20210511_2	27	0	3008.09913	1634.55066	2944.79182	1651.62996
20210511_2	27	1	2931.17224	1663.88987	2867.46840	1674.22907
20210511_2	28	0	2805.81041	1424.04405	2743.82776	1423.72687
20210511_2	28	1	2852.20446	1357.83260	2791.41140	1354.34361
20210511_2	29	0	3061.41636	716.59912	3041.74102	774.61674
20210511_2	29	1	3145.08426	667.83260	3134.92565	727.03965
20210511_2	30	0	3790.03717	642.29075	3785.27881	699.38326
20210511_2	31	0	2445.46344	1733.91189	2366.27385	1814.04405
20210511_2	31	1	2391.13879	1736.29075	2311.15613	1815.23348
20210511_2	32	0	3319.63569	472.02203	3303.44486	604.10573
20210511_2	33	0	3804.31227	451.59031	3800.74349	549.88106
20210511_2	34	0	3134.42751	2088.63436	3093.22181	2012.25991
20210511_2	34	1	3092.39529	2077.13656	3050.00000	1991.64317
20210511_2	35	0	3050.82280	326.18943	3019.77323	317.17621
20210511_2	35	1	2659.12020	407.55066	2624.13755	444.13656
20210511_2	36	0	3264.27261	1743.25551	3217.08550	1550.16300
20210511_2	36	1	2522.94796	1628.90749	2457.67162	1438.40529
20210511_2	37	0	2352.82652	431.44934	2314.40892	482.36123
20210511_2	37	1	2100.63321	445.72247	2049.48575	479.29956
20210511_2	38	0	2410.82404	512.80176	2366.99628	591.03965
20210511_2	38	1	2191.54275	480.29075	2142.56010	528.39648
20210511_2	39	0	2557.43990	327.10132	2524.31227	520.96916
20210511_2	40	0	2506.84882	1433.75771	2449.36555	1448.14978
20210511_2	40	1	2673.78810	1420.67401	2614.71871	1441.01322
20210511_2	41	0	1953.30855	1329.77974	1946.17100	1455.85903
20210511_2	42	0	2313.16976	1295.58590	2257.01611	1383.05727
20210511_2	42	1	2170.02230	1295.98238	2112.28253	1376.31718
20210511_2	43	0	2205.86741	1541.06167	2149.79554	1435.66520
20210511_2	43	1	2448.14746	1517.66960	2388.11029	1435.66520
20210511_2	44	0	981.39405	1633.60352	970.58364	1579.62555
20210511_2	44	1	744.66543	1589.99119	742.32590	1510.90308
20210511_2	45	0	92.78810	1320.26432	104.68401	1367.84141
20210511_2	46	0	996.32590	1574.32159	982.22553	1603.48899
20210511_2	46	1	849.60967	1570.75330	847.80173	1588.81938
20210511_2	47	0	2250.31599	1454.61674	2195.70880	1479.18062
20210511_2	47	1	2406.54895	1433.60352	2346.78686	1471.25110
20210511_2	48	0	2663.69393	1339.97797	2609.67534	1396.58150
20210511_2	48	1	2807.23792	1319.36123	2751.23668	1393.40969
20210511_2	49	0	1101.27509	1511.98238	1088.01487	1559.63436
20210511_2	49	1	948.21437	1514.36123	936.93680	1562.40969
20210511_2	50	0	3224.67286	531.89427	3211.51673	544.13656
20210511_2	50	1	3319.84015	557.66520	3311.04585	567.52863
20210511_2	51	0	2300.66914	454.36123	2267.36059	651.80617
20210511_2	52	0	2399.96654	418.04405	2370.43123	621.24670
20210511_2	53	0	2324.22924	356.19383	2305.79678	549.48458
20210511_2	54	0	3061.29492	1486.77533	2998.24287	1479.31718
20210511_2	54	1	3155.27261	1490.74009	3097.77200	1486.05727
20210511_2	55	0	2743.38042	1166.53744	2687.48327	1243.33040
20210511_2	56	0	2867.25155	1162.34802	2811.13631	1189.83700
20210511_2	56	1	2785.16976	1169.48458	2732.62330	1200.93833
20210511_2	57	0	927.86989	941.45815	841.81660	772.46696
20210511_2	57	1	1154.28872	924.01322	1094.80297	728.06167
20210511_2	58	0	1042.10533	1857.37885	1016.24287	1797.13216
20210511_2	58	1	1105.15366	1862.13656	1084.84263	1794.35683
20210511_2	59	0	3221.35936	1379.94714	3159.58488	1280.04846
20210511_2	59	1	3176.15489	1384.30837	3110.81165	1285.59912
20210511_2	60	0	3368.93061	1331.01322	3297.27138	1310.57709
20210511_2	61	0	2240.30731	1305.88106	2205.41016	1176.44934
20210511_2	61	1	2202.24040	1299.14097	2169.32590	1177.63877
20210511_2	62	0	3376.82776	1691.62996	3323.98141	1605.30396
20210511_2	62	1	3326.86493	1685.28634	3272.03594	1607.28634
20210511_2	63	0	3456.44610	1384.13656	3380.65551	1180.84141
20210511_2	63	1	3412.43123	1383.74009	3337.03717	1193.92511
20210511_2	64	0	2292.06939	1328.74009	2265.63569	1122.82379
20210511_2	64	1	2245.27881	1331.11894	2219.63817	1135.51101
20210511_2	65	0	3157.17472	1317.88546	3092.93680	1108.54626
20210511_2	66	0	3503.31103	1401.23348	3432.10285	1295.25551
20210511_2	67	0	3537.41264	1397.26872	3463.10285	1244.43172
20210511_2	68	0	3440.39653	1350.75771	3365.42875	1185.87665
20210511_2	69	0	3739.28129	1453.40969	3661.95787	1230.75330
20210511_2	69	1	3686.14622	1460.14978	3612.78810	1250.18062
20210511_2	70	0	2543.34325	1252.34361	2502.72243	1134.71806
20210511_2	70	1	2505.67286	1264.63436	2469.41388	1154.93833
20210511_2	71	0	3710.73110	1443.30396	3637.37299	1252.82819
20210511_2	72	0	3097.91078	1382.97797	3036.44486	1113.37004
20210511_2	72	1	3033.27633	1379.40969	2971.01735	1115.74890
20210511_2	73	0	3415.68773	1553.84141	3353.87856	1335.17181
20210511_2	73	1	3368.10409	1545.11894	3305.50186	1340.32599
20210511_2	74	0	2426.25774	1325.06608	2392.65428	1138.89427
20210511_2	74	1	2392.15613	1326.65198	2356.96654	1152.37445
20210511_2	75	0	3383.17100	1460.15419	3308.58240	1114.61674
20210511_2	75	1	3298.31351	1451.82819	3236.41388	1122.94273
20210511_2	76	0	3472.56629	1684.47577	3418.18340	1322.42731
20210511_2	76	1	3401.19083	1642.44934	3349.18711	1304.98238
20210511_2	77	0	3014.42379	1277.44493	2952.56506	1156.12335
20210511_2	78	0	2938.93061	1535.39207	2881.98141	1338.34361
20210511_2	78	1	2900.07063	1536.18502	2848.67286	1349.44493
20210511_2	79	0	3358.58612	1973.28634	3332.92565	1695.39648
20210511_2	79	1	3263.41884	1906.67841	3226.25898	1654.55947
20210511_2	80	0	2921.63569	1225.11013	2862.15613	1141.85022
20210511_2	81	0	3183.34572	1355.94714	3121.48699	1129.95595
20210511_2	82	0	3625.87361	1995.30396	3620.71871	1427.43172
20210511_2	82	1	3549.34325	1953.27753	3532.29244	1429.41410
20210511_2	83	0	3339.15242	1371.95154	3263.82528	1084.00000
20210511_2	83	1	3276.89715	1383.84581	3205.53532	1106.99559
20210511_2	84	0	2922.51549	1420.56828	2864.51425	1158.44053
20210511_2	84	1	2866.20818	1428.49780	2818.51673	1174.29956
20210511_2	85	0	725.09170	1462.13656	708.10657	1488.57709
20210511_2	85	1	864.27385	1463.32599	844.90954	1487.78414
20210511_2	86	0	2744.23668	2018.38767	2676.53408	1712.27753
20210511_2	86	1	2361.58488	1876.44934	2265.65551	1566.95595
20210511_2	87	0	794.00372	2056.91630	751.98389	1584.09251
20210511_2	87	1	886.79182	2100.13216	859.44362	1615.81057
20210511_2	88	0	1467.15737	1926.68282	1474.96654	1636.35242
20210511_2	88	1	1529.01611	1925.88987	1541.18711	1616.92511
20210511_2	89	0	3536.61958	528.06608	3529.37794	409.30837
20210511_2	89	1	3482.69145	512.20705	3472.27757	399.39648
20210511_2	90	0	2763.74102	2043.03965	2703.63569	1466.48018
20210511_2	90	1	2638.43742	2057.31278	2565.64312	1480.75330
20210511_2	91	0	2845.46344	2122.73128	2783.60099	1752.18062
20210511_2	91	1	2733.24535	2117.18062	2659.48699	1746.23348
20210511_2	92	0	712.93309	1931.91189	674.03470	1804.98238
20210511_2	93	0	3587.41016	943.86784	3661.16481	215.98678
20210511_2	93	1	3716.67906	950.21145	3806.29492	218.76211
20210511_2	94	0	1128.01859	1853.35683	1108.65799	1729.67401
20210511_2	94	1	1216.84139	1836.30837	1209.77323	1690.81938
20210511_2	95	0	3194.37794	2099.33921	3170.11524	1702.86784
20210511_2	95	1	3119.43371	2088.23789	3088.03346	1691.37004
20210511_2	96	0	2544.42875	1879.32159	2473.41140	1477.99559
20210511_2	96	1	2466.31227	1892.00881	2386.96778	1493.45815
20210511_2	97	0	487.68401	1946.04846	446.37918	1619.07489
20210511_2	97	1	341.36431	1999.17621	265.56134	1600.83700
20210511_2	98	0	612.06815	1909.88106	575.68897	1840.60793
20210511_2	98	1	541.48575	1892.03965	497.17596	1817.61233
20210511_2	99	0	3315.36059	450.58590	3296.58612	411.00000
20210511_2	100	0	3422.65304	424.87665	3397.30483	323.94714
20210511_2	101	0	3719.85130	506.65639	3713.11029	393.48018
20210511_2	101	1	3669.49195	478.90308	3660.76828	372.86344
20210511_2	102	0	3678.61214	537.74449	3674.25031	283.86784
20210511_2	102	1	3614.37423	542.50220	3608.02974	302.50220
20210511_2	103	0	3749.59108	325.90308	3730.55762	406.78414
20210511_2	104	0	3206.68773	876.51101	3207.75589	647.33480
20210511_2	104	1	3119.45105	943.91189	3110.20942	717.11454
20210511_2	105	0	1620.46344	1731.37885	1631.12020	1751.75330
20210511_2	105	1	1560.58736	1751.99559	1564.50310	1763.25110
20210511_2	106	0	3723.81660	1022.77974	3806.69145	588.02203
20210511_2	106	1	3625.87361	954.58590	3669.09542	541.23789
20210511_2	107	0	3515.72119	646.95595	3529.12020	354.76211
20210511_2	107	1	3617.23296	648.93833	3628.25279	379.74009
20210511_2	108	0	3834.05204	476.55066	3831.27633	33.70044
20210511_2	108	1	3691.69765	478.53304	3701.61090	103.08370
20210511_2	109	0	3126.52788	647.73128	3119.47708	407.47577
20210511_2	109	1	2908.83271	694.51542	2895.34325	466.38326
20210511_2	110	0	3155.36059	1930.34361	3113.93309	1811.64758
20210511_2	110	1	3130.37918	1789.19824	3074.79058	1666.75771
20210511_2	111	0	2031.82156	135.59471	2029.44238	223.61233
20210511_2	112	0	3633.80421	814.74009	3672.66419	619.61674
20210511_2	112	1	3694.86989	756.45815	3729.36803	549.44053
20210511_2	113	0	2226.53465	1653.86139	2164.75248	1304.55446
20210511_2	114	0	3595.97030	1641.46535	3539.91089	1380.42574
20210511_2	114	1	3555.57426	1607.90099	3489.11881	1356.36634
20210511_2	115	0	2352.99010	1611.11881	2305.72277	1267.95050
20210511_2	115	1	2417.74257	1608.14851	2366.01980	1284.28713
20210511_2	116	0	2257.87129	1646.05941	2207.19802	1327.86139
20210511_2	116	1	2314.00990	1625.56436	2260.66337	1335.58416
20210511_2	117	0	3045.98020	1497.07921	2986.51485	1268.73267
20210511_2	117	1	2995.78218	1490.84158	2938.69307	1274.97030
20210511_2	118	0	2484.25743	1758.92079	2425.82178	1385.36634
20210511_2	118	1	2541.88119	1755.35644	2481.96040	1405.26733
20210511_2	119	0	2271.40594	1597.89109	2233.10891	1196.87129
20210511_2	119	1	2336.75248	1583.63366	2293.70297	1211.72277
20210511_2	120	0	2362.69307	1655.99010	2305.73267	1285.07921
20210511_2	120	1	2418.83168	1643.21782	2366.02970	1287.75248
20210511_2	121	0	2305.46535	1925.54455	2225.51485	1430.74257
20210511_2	121	1	2383.58416	1942.17822	2302.14851	1463.11881
20210511_2	122	0	3230.52475	1760.11881	3185.04950	1410.40594
20210511_2	122	1	3176.76238	1719.72277	3129.50495	1391.69307
20210511_2	123	0	2180.22772	1654.12871	2137.86139	1197.37624
20210511_2	123	1	2264.58416	1673.43564	2216.27723	1234.20792
20210511_2	124	0	2175.04950	1775.15842	2112.21782	1308.56436
20210511_2	124	1	2243.06931	1742.18812	2183.20792	1334.70297
20210511_2	125	0	2417.72277	1741.45545	2360.11881	1389.02970
20210511_2	125	1	2478.61386	1741.75248	2419.82178	1411.60396
20210511_2	126	0	2488.38614	1887.72277	2421.35644	1515.04950
20210511_2	126	1	2549.87129	1864.55446	2487.29703	1499.60396
20210511_2	127	0	3333.49505	2016.68317	3308.46535	1675.34653
20210511_2	127	1	3274.98020	1989.65347	3249.05941	1634.95050
20210511_2	128	0	3330.43564	1480.53465	3264.18812	1272.11881
20210511_2	128	1	3289.44554	1444.29703	3224.38614	1240.93069
20210511_2	129	0	3340.26733	1505.18812	3275.68317	1335.98020
20210511_2	129	1	3288.88119	1509.04950	3231.12871	1345.78218
20210511_2	130	0	2398.68317	1827.07921	2329.88119	1398.62376
20210511_2	130	1	2463.73267	1813.71287	2405.62376	1421.49505
20210511_2	131	0	2663.03960	1748.15842	2610.80198	1266.43564
20210511_2	131	1	2600.06931	1711.92079	2554.66337	1196.93069
20210511_2	132	0	3368.00000	1559.16832	3303.94059	1248.40594
20210511_2	132	1	3299.68317	1559.46535	3240.37624	1256.12871
20210511_2	133	0	3178.79208	1395.37624	3112.39604	1156.27723
20210511_2	133	1	3108.09901	1388.84158	3048.23762	1149.74257
20210511_2	134	0	2581.24752	1831.30693	2511.80198	1618.55446
20210511_2	134	1	2642.13861	1844.97030	2573.88119	1638.45545
20210511_2	135	0	3631.48515	1310.56436	3541.28713	1150.43564
20210511_2	135	1	3585.44554	1279.07921	3498.51485	1124.59406
20210511_2	136	0	3779.10891	1412.43564	3685.84158	1184.47525
20210511_2	136	1	3718.21782	1402.63366	3635.64356	1186.25743
20210511_2	137	0	2316.11881	1661.32673	2270.05941	1253.22772
20210511_2	137	1	2379.98020	1634.29703	2331.84158	1232.13861
20210511_2	138	0	3546.74257	2006.93069	3536.80198	1597.76238
20210511_2	138	1	3618.62376	2003.06931	3606.90099	1619.74257
20210511_2	139	0	3255.65347	1609.76238	3200.03960	1424.92079
20210511_2	139	1	3306.44554	1606.79208	3251.42574	1423.73267
20210511_2	140	0	3266.79208	1344.53465	3196.44554	1143.50495
20210511_2	140	1	3308.37624	1321.36634	3235.95050	1140.83168
20210511_2	141	0	3521.80198	1940.30693	3503.41584	1490.64356
20210511_2	141	1	3587.44554	1925.45545	3576.78218	1480.84158
20210511_2	142	0	3323.07921	1842.81188	3291.93069	1477.70297
20210511_2	142	1	3379.81188	1826.17822	3358.76238	1456.31683
20210511_2	143	0	3742.57426	1521.36634	3656.43564	1139.35644
20210511_2	143	1	3670.39604	1497.30693	3593.46535	1136.38614
20210511_2	144	0	3300.16832	1625.97030	3244.55446	1293.66337
20210511_2	144	1	3376.50495	1595.07921	3320.59406	1259.80198
20210511_2	145	0	2904.78218	1632.62376	2847.38614	1412.35644
20210511_2	145	1	2953.19802	1600.24752	2898.17822	1377.60396
20210511_2	146	0	2661.50495	1684.17822	2604.84158	1416.33663
20210511_2	146	1	2723.88119	1697.84158	2666.92079	1436.83168
20210511_2	147	0	2984.29703	1749.80198	2929.12871	1655.29703
20210511_2	148	0	2576.21782	1763.95050	2511.63366	1478.90099
20210511_2	148	1	2630.27723	1785.33663	2561.83168	1498.20792
20210511_2	149	0	2641.40594	1782.89109	2577.52475	1583.41584
20210511_2	150	0	2191.13861	2030.26733	2079.10891	1675.26733
20210511_2	150	1	2256.78218	1999.37624	2155.74257	1660.71287
20210511_2	151	0	2950.01980	1734.70297	2894.52475	1596.61386
20210511_2	152	0	3027.21782	1682.40594	2972.79208	1567.45545
20210511_2	153	0	2241.13861	2055.44554	2130.89109	1747.95050
20210511_2	153	1	2302.92079	2029.60396	2199.50495	1729.83168
20210511_2	154	0	2120.47525	1967.68317	2014.45545	1575.55446
20210511_2	154	1	2193.24752	1938.27723	2096.13861	1567.23762
20210511_2	155	0	2572.47525	1773.41584	2506.79208	1503.09901
20210511_2	155	1	2622.07921	1780.24752	2562.93069	1523.89109
20210511_2	156	0	2223.39604	2031.68317	2115.00990	1655.32673
20210511_2	156	1	2282.80198	1998.11881	2187.78218	1634.23762
20210511_2	157	0	2212.07921	1968.64356	2117.85149	1633.60396
20210511_2	157	1	2275.64356	1932.10891	2185.27723	1610.73267
20210511_2	158	0	2240.71287	2040.29703	2132.55446	1733.99010
20210511_2	158	1	2295.36634	2024.85149	2199.98020	1729.83168
20210511_2	159	0	2242.82178	2005.37624	2139.20792	1643.28713
20210511_2	159	1	2303.71287	1975.37624	2207.82178	1615.66337
20210511_2	160	0	2360.97030	1991.15842	2269.54455	1654.52475
20210511_2	160	1	2416.51485	1962.64356	2341.42574	1625.41584
20210511_2	161	0	2652.02970	1995.52475	2578.08911	1684.84158
20210511_2	161	1	2714.70297	1993.14851	2646.10891	1678.90099
20210511_2	162	0	2110.09901	2069.70297	1986.53465	1748.91089
20210511_2	163	0	882.71252	2006.66520	850.72367	1904.05727
20210511_2	164	0	1328.73978	39.25110	1226.79058	156.29956
20210511_2	164	1	1132.45725	96.74009	1037.64560	249.86784
20210511_2	165	0	408.41636	2055.72687	337.34944	1702.23789
20210511_2	165	1	480.58488	2041.85022	415.46592	1699.06608
20210511_2	166	0	930.57249	1949.72247	896.15737	1714.26872
20210511_2	166	1	1005.91326	1946.94714	977.04957	1703.16740
20210511_2	167	0	3281.94796	636.70925	3265.54895	582.26872
20210511_2	167	1	3220.08922	681.11454	3190.60471	625.08811
20210511_2	168	0	3200.22553	486.75330	3184.48203	541.98238
20210511_2	168	1	3281.11772	459.39648	3266.56382	512.24670
20210511_2	169	0	3369.44734	1203.62115	3292.68773	1242.93833
20210511_2	169	1	3296.48575	1211.94714	3224.08798	1250.47137
20210511_2	170	0	2549.18711	1124.11894	2498.30979	1165.62115
20210511_2	170	1	2472.26022	1118.56828	2431.69269	1158.48458
20210511_2	171	0	3324.30731	1233.26872	3240.06691	1283.19383
20210511_2	171	1	3259.67286	1167.05727	3180.98389	1222.53304
20210511_2	172	0	3043.88104	609.32599	3024.62330	602.88987
20210511_2	172	1	3171.96035	557.38767	3151.90954	548.17621
20210511_2	173	0	3280.56753	1197.22026	3206.70756	1250.02643
20210511_2	174	0	3621.90830	246.23789	3608.82280	295.82819
20210511_2	174	1	3784.88228	196.28194	3752.76332	241.11454
20210511_2	175	0	3207.86121	1322.04846	3139.15242	1271.43612
20210511_2	175	1	3119.03841	1347.81938	3055.08798	1295.22467
20210511_2	176	0	392.94672	1639.29075	367.93556	1378.85903
20210511_2	176	1	463.92565	1644.04846	442.48327	1392.73568
20210511_2	177	0	631.65675	1629.04846	607.43990	1439.12335
20210511_2	177	1	689.94672	1619.13656	671.67782	1428.02203
20210511_2	178	0	1187.60471	1729.88987	1175.31599	1703.25991
20210511_2	179	0	2416.31227	1975.89427	2327.84511	1868.85903
20210511_2	179	1	2458.34449	1981.04846	2367.49814	1875.20264
20210511_2	180	0	3505.60347	895.60352	3529.72119	834.27313
20210511_2	180	1	3552.79058	853.97357	3576.51177	797.40088
20210511_3	0	0	1798.19207	1732.85903	1802.13631	1593.44053
20210511_3	1	0	3609.21933	2076.74009	3603.27138	1932.87665
20210511_3	1	1	3565.60099	2070.00000	3560.04957	1925.34361
20210511_3	2	0	1504.58612	837.66960	1487.50186	739.88106
20210511_3	2	1	1564.46221	847.58150	1550.94672	747.01762
20210511_3	3	0	3299.06691	1317.66960	3225.08302	1403.65639
20210511_3	3	1	3135.69641	1283.57269	3075.11648	1383.95595
20210511_3	4	0	3133.73854	1977.30837	3091.99876	1880.85022
20210511_3	4	1	3078.62082	1974.13656	3032.91574	1879.66079
20210511_3	5	0	2811.98389	1495.94273	2749.51549	1538.60793
20210511_3	6	0	1273.53160	842.06167	1265.74226	995.61674
20210511_3	6	1	1035.61338	725.89427	1004.03222	894.91189
20210511_3	7	0	1028.01859	1172.71806	1018.46716	1288.60352
20210511_3	7	1	932.85130	1180.25110	922.11029	1292.17181
20210511_3	8	0	2245.75836	2012.61233	2139.18959	1953.06608
20210511_3	9	0	2727.92937	1891.81057	2654.10285	1858.09692
20210511_3	9	1	2687.08674	1902.51542	2622.77695	1870.38767
20210511_3	10	0	1463.19703	1434.44934	1415.61338	1819.82379
20210513_1	0	0	2728.92193	221.23348	2850.26022	109.42731
20210513_1	1	0	2218.48203	859.76652	2095.68773	634.43612
20210513_1	1	1	2104.67782	929.54626	1952.54027	662.98238
20210513_1	2	0	3569.16976	675.37885	3598.51301	540.06167
20210513_1	2	1	3676.23296	706.70044	3716.67906	547.59471
20210513_1	3	0	2111.49938	590.46256	2046.11400	561.13656
20210513_1	3	1	2058.76084	630.50661	1983.85874	579.37445
20210513_1	4	0	2139.28996	730.25991	2054.75341	697.20264
20210513_1	4	1	2071.48327	763.56388	1980.60223	715.83700
20210513_1	5	0	2022.30483	787.40088	1953.16233	881.83260
20210513_1	6	0	1322.82528	2114.80176	1329.96283	1945.90308
20210513_1	7	0	3147.86369	988.36123	3160.46840	802.17181
20210513_1	7	1	3273.56382	966.95154	3292.51301	769.26432
20210513_1	8	0	3410.52292	1061.24670	3474.10533	790.55066
20210513_1	8	1	3502.51797	990.27753	3560.94548	733.45815
20210513_1	9	0	3466.46840	973.18943	3537.44734	750.66520
20210513_1	9	1	3593.35812	941.47137	3652.44114	709.03524
20210513_1	10	0	2855.17822	954.21782	2795.11881	594.99010
20210513_1	10	1	2794.58416	986.00000	2732.44554	616.67327
20210513_1	11	0	2583.93069	926.76238	2482.06931	452.52475
20210513_1	11	1	2524.22772	951.41584	2412.26733	486.98020
20210513_1	12	0	2473.13861	990.56436	2336.37624	435.00000
20210513_1	12	1	2411.65347	1028.88119	2276.67327	465.29703
20210513_1	13	0	3203.00990	800.34653	3185.97030	477.30693
20210513_1	13	1	3147.16832	813.71287	3135.47525	503.14851
20210513_1	14	0	3480.18812	787.02970	3497.75248	375.58416
20210513_1	14	1	3423.45545	821.18812	3447.85149	423.40594
20210513_1	15	0	3502.53465	662.56436	3510.65347	280.65347
20210513_1	15	1	3453.52475	688.70297	3467.28713	312.43564
20210513_1	16	0	3167.64356	693.38614	3143.80198	261.13861
20210513_1	16	1	3107.94059	723.98020	3088.25743	297.37624
20210513_1	17	0	2574.68317	922.14851	2465.98020	452.92079
20210513_1	17	1	2511.41584	929.27723	2404.29703	469.84158
20210513_1	18	0	3628.66337	621.20792	3632.65347	320.11881
20210513_1	18	1	3571.63366	632.79208	3576.81188	345.06931
20210513_1	19	0	2459.13861	871.24752	2336.32673	313.92079
20210513_1	19	1	2397.65347	908.67327	2276.02970	362.63366
20210513_1	20	0	3346.52475	457.24752	3323.67327	132.38614
20210513_1	20	1	3287.71287	479.82178	3271.99010	168.92079
20210513_1	21	0	2440.95050	996.67327	2303.14851	573.94059
20210513_1	21	1	2390.75248	1031.72277	2244.16832	621.96040
20210513_1	22	0	3594.00990	382.64356	3570.31683	108.71287
20210513_1	22	1	3539.05941	414.72277	3526.95050	140.79208
20210513_1	23	0	2954.27723	800.26733	2911.13861	462.25743
20210513_1	23	1	2910.31683	834.12871	2863.22772	500.36634
20210513_1	24	0	2422.21782	875.72277	2280.89109	293.28713
20210513_1	24	1	2348.55446	883.14851	2207.50495	319.36634
20210513_1	25	0	3558.55446	760.44554	3574.86139	307.01980
20210513_1	25	1	3511.92079	784.20792	3531.49505	353.35644
20210513_1	26	0	3627.16832	752.72277	3651.19802	334.34653
20210513_1	26	1	3574.59406	783.91089	3604.26733	374.44554
20210513_1	27	0	3434.75248	621.59406	3423.34653	170.84158
20210513_1	27	1	3371.78218	665.25743	3372.85149	204.70297
20210513_1	28	0	2666.95050	795.16832	2591.49505	461.00990
20210513_1	28	1	2622.09901	837.64356	2541.07921	504.69307
20210513_1	29	0	2888.07921	935.17822	2827.78218	489.34653
20210513_1	29	1	2826.59406	951.81188	2761.84158	514.89109
20210513_1	30	0	2418.14851	850.08911	2300.57426	465.87129
20210513_1	30	1	2362.30693	882.76238	2241.16832	494.98020
20210513_1	31	0	3793.06931	554.27723	3802.57426	169.72277
20210513_1	31	1	3731.28713	584.57426	3740.79208	196.75248
20210513_1	32	0	2938.96040	530.32673	2891.18812	229.43564
20210513_1	32	1	2886.98020	553.19802	2843.15842	254.99010
20210513_1	33	0	2907.32673	823.14851	2852.44554	446.55446
20210513_1	33	1	2852.37624	861.16832	2791.85149	481.60396
20210513_1	34	0	3055.52475	923.31683	3006.62376	411.27723
20210513_1	34	1	2984.53465	950.34653	2937.71287	455.53465
20210513_1	35	0	3712.27723	493.37624	3692.37624	93.26733
20210513_1	35	1	3655.24752	510.90099	3643.66337	126.83168
20210513_1	36	0	3301.12871	793.46535	3299.81188	464.84158
20210513_1	36	1	3249.44554	830.59406	3250.65347	510.44554
20210513_1	37	0	3365.74257	813.65347	3372.44554	514.95050
20210513_1	37	1	3301.88119	836.82178	3315.71287	544.95050
20210513_1	38	0	3510.86139	362.07921	3482.96040	91.78218
20210513_1	38	1	3455.31683	367.72277	3437.81188	108.71287
20210513_1	39	0	2133.39604	661.10891	2018.90099	323.41584
20210513_1	39	1	2072.08911	684.26733	1956.82178	337.08911
20210513_1	40	0	2261.29703	624.89109	2169.73267	250.48515
20210513_1	40	1	2204.86139	646.27723	2114.18812	271.57426
20210513_1	41	0	3407.82178	719.26733	3398.75248	231.31683
20210513_1	41	1	3330.59406	755.20792	3334.00000	287.45545
20210513_1	42	0	3199.67327	652.84158	3173.88119	344.50495
20210513_1	42	1	3150.66337	687.89109	3132.59406	386.68317
20210513_1	43	0	2550.88119	726.84158	2462.07921	296.37624
20210513_1	43	1	2509.59406	763.07921	2418.11881	324.29703
20210513_1	44	0	2860.24752	923.07921	2796.53465	482.33663
20210513_1	44	1	2807.37624	978.32673	2738.01980	524.81188
20210513_1	45	0	2683.45545	879.18812	2598.13861	466.70297
20210513_1	45	1	2620.78218	912.45545	2524.35644	497.96040
20210513_1	46	0	3314.03960	625.30693	3291.01980	257.73267
20210513_1	46	1	3257.60396	662.73267	3238.74257	290.70297
20210513_1	47	0	2123.54455	517.64356	2048.04950	173.21782
20210513_1	47	1	2072.45545	544.07921	2002.00990	196.38614
20210513_1	48	0	3463.84158	1035.00990	3513.85149	482.11881
20210513_1	48	1	3413.94059	1023.42574	3460.98020	513.00990
20210513_1	49	0	2306.03960	851.69307	2157.83168	260.10891
20210513_1	49	1	2241.88119	899.81188	2088.98020	321.86139
20210513_1	50	0	2757.30693	919.66337	2659.48515	536.22772
20210513_1	50	1	2700.27723	971.64356	2588.19802	569.19802
20210513_1	51	0	2465.29703	892.16832	2333.58416	281.90099
20210513_1	51	1	2403.21782	944.74257	2270.01980	335.36634
20210513_1	52	0	2931.10891	940.24752	2874.60396	432.13861
20210513_1	52	1	2864.87129	994.00990	2793.21782	478.17822
20210513_1	53	0	2472.46535	887.27723	2342.05941	281.07921
20210513_1	53	1	2413.65347	939.55446	2281.16832	332.46535
20210513_1	54	0	3271.88119	913.07921	3312.61386	418.09901
20210513_1	54	1	3222.87129	943.37624	3239.54455	458.49505
20210513_1	55	0	3753.86139	759.50495	3785.94059	283.98020
20210513_1	55	1	3680.19802	774.35644	3721.18812	310.41584
20210513_1	56	0	3789.20792	1036.05941	3782.97030	739.00990
20210513_1	57	0	3221.12871	456.10891	3190.07921	215.11881
20210513_1	57	1	3169.00990	481.67327	3147.90099	254.62376
20210513_1	58	0	2755.31683	704.87129	2680.26733	154.00990
20210513_1	58	1	2688.27723	727.78218	2607.49505	153.71287
20210513_1	59	0	2129.35644	614.67327	2035.91089	155.10891
20210513_1	59	1	2055.69307	642.29703	1985.71287	190.45545
20210513_1	60	0	2237.04950	489.65347	2160.28713	90.76238
20210513_1	60	1	2188.63366	526.18812	2110.98020	132.34653
20210513_1	61	0	2439.54455	653.80198	2357.37624	266.69307
20210513_1	61	1	2396.17822	695.38614	2301.53465	304.41584
20210513_1	62	0	2937.30693	781.90099	2870.20792	305.67327
20210513_1	62	1	2873.00990	813.98020	2824.40594	344.51485
20210513_1	63	0	2785.01980	1010.15842	2682.67327	536.54455
20210513_1	63	1	2703.93069	1045.80198	2571.59406	594.87129
20210513_1	64	0	2872.99010	640.97030	2818.08911	298.06931
20210513_1	64	1	2809.42574	657.60396	2755.71287	308.76238
20210513_1	65	0	2913.16832	964.01980	2849.93069	415.92079
20210513_1	65	1	2836.83168	997.88119	2769.13861	452.45545
20210513_1	66	0	3267.35644	804.49505	3243.14851	353.51485
20210513_1	66	1	3215.67327	848.75248	3200.37624	406.68317
20210513_1	67	0	2471.48515	477.86139	2410.92079	131.39604
20210513_1	67	1	2417.72277	503.40594	2363.39604	150.10891
20210513_1	68	0	2755.36634	822.78218	2677.31683	452.93069
20210513_1	68	1	2692.69307	839.41584	2612.86139	461.54455
20210513_1	69	0	3244.11881	824.94059	3226.16832	399.26733
20210513_1	69	1	3183.22772	867.11881	3160.22772	437.28713
20210513_1	70	0	2958.61386	646.35644	2902.59406	140.21782
20210513_1	70	1	2883.76238	688.53465	2834.87129	182.99010
20210513_1	71	0	2895.46468	1455.85903	2828.84758	1548.63436
20210513_1	72	0	2250.70632	1484.40529	2188.84758	1529.60352
20210513_1	73	0	3268.99628	135.59471	3226.17100	166.51982
20210513_1	74	0	3525.94796	95.15419	3487.88104	166.51982
20210513_1	75	0	3259.91450	350.82819	3239.13631	451.47137
20210513_1	76	0	759.48244	1951.80723	723.99261	1632.42059
20210513_1	77	0	3335.34572	164.14097	3308.36183	227.34361
20210513_1	77	1	3385.70508	135.19824	3354.75589	199.19383
20210513_1	78	0	3003.24287	641.33040	2985.17472	263.40969
20210513_1	78	1	3047.65428	579.87665	3029.98265	186.49339
20210513_1	79	0	2495.08674	832.29075	2427.65675	495.52423
20210513_1	79	1	2560.91078	852.90749	2494.67038	510.19383
20210513_1	80	0	3161.50062	302.24670	3139.22305	419.74890
20210513_1	81	0	3596.92689	475.37885	3585.71871	448.10132
20210513_1	81	1	3521.58612	454.36564	3504.82652	433.03524
20210513_1	82	0	1051.42999	1551.52423	1031.58612	1502.31718
20210513_1	82	1	922.95415	1444.07930	903.90335	1396.45815
20210513_1	83	0	1070.70508	1607.37885	1052.12268	1619.82379
20210513_1	83	1	893.85254	1642.66520	869.71871	1643.61233
20210513_1	84	0	3221.18835	1046.31718	3230.89219	779.37445
20210513_1	84	1	3162.10533	1019.35683	3157.53408	748.84581
20210513_1	85	0	2212.63941	1493.92070	2155.53903	1396.38767
20210513_1	86	0	2495.44610	1347.03524	2443.42007	1374.97797
20210513_1	87	0	1165.32962	1633.20705	1153.31227	1656.41410
20210513_1	88	0	664.48203	1712.37885	642.37918	1665.19824
20210513_1	89	0	2455.90706	659.62996	2380.21933	453.78855
20210513_1	89	1	2181.50805	587.47137	2109.38910	374.49339
20210513_1	90	0	2281.46716	565.25551	2241.35068	602.44493
20210513_1	90	1	2478.14622	509.74890	2451.90830	549.71366
20210513_1	91	0	2908.25651	660.96916	2863.41140	671.46256
20210513_1	91	1	2755.98885	613.78855	2713.91945	639.34802
20210513_1	92	0	3265.47460	593.92070	3248.03098	621.03524
20210513_1	92	1	3099.72491	559.42731	3071.17844	599.62555
20210513_1	93	0	3241.37051	822.10573	3219.47336	744.25991
20210513_1	93	1	2993.14250	793.55947	2960.93556	720.86784
20210513_1	94	0	2847.82528	675.84141	2807.82280	684.54626
20210513_1	94	1	2682.86865	688.52863	2633.34944	691.28634
20210513_1	95	0	2710.99133	851.07489	2641.43123	749.55066
20210513_1	95	1	2477.03841	910.54626	2374.96283	731.70925
20210513_1	96	0	3792.41636	494.80176	3759.10781	570.92511
20210513_1	97	0	2649.37794	800.26432	2575.42379	719.07048
20210513_1	97	1	2394.80545	865.68282	2298.64560	733.74009
20210513_1	98	0	3495.92813	1063.53304	3526.94548	961.25991
20210513_1	98	1	3414.63941	1036.17621	3436.53656	939.45374
20210513_1	99	0	3483.86121	926.82819	3508.53284	908.76211
20210513_1	100	0	3121.76952	567.74009	3089.84139	635.82379
20210513_1	100	1	3038.89467	541.57269	2998.63941	617.18943
20210513_1	101	0	3183.34572	461.49780	3165.43247	575.68282
20210513_1	102	0	1291.17100	2129.86784	1290.53284	1825.93392
20210513_1	102	1	1218.60595	2120.35242	1218.36431	1816.41850
20210513_1	103	0	1704.20694	1915.18943	1721.91202	1729.73128
20210513_1	103	1	1642.74473	1932.23789	1650.93309	1739.24670
20210513_2	0	0	2928.77323	785.02203	3335.61338	677.97357
20210513_2	1	0	331.67658	658.92511	236.19703	735.22907
20210513_2	1	1	511.70136	632.75771	426.53160	720.55947
20210513_2	2	0	284.45229	376.94714	188.35192	489.20705
20210513_2	2	1	408.96283	316.68282	320.79306	435.68282
20210513_2	3	0	383.75960	520.19824	290.96778	599.44493
20210513_2	3	1	486.46097	444.47137	399.22057	515.78855
20210513_2	4	0	271.62330	636.48018	171.69765	725.42731
20210513_2	4	1	360.84263	609.51982	266.07187	694.89868
20210513_2	5	0	2599.98265	939.03084	2534.70632	914.55507
20210513_2	6	0	2407.44981	1031.26872	2289.15613	788.22026
20210513_2	6	1	2442.74102	982.10573	2333.96406	746.98678
20210513_2	7	0	1587.53532	331.26872	1504.26394	441.46696
20210513_2	7	1	1801.66171	308.27313	1706.49442	378.03084
20210513_2	8	0	423.09789	613.97357	323.56877	696.14978
20210513_2	8	1	467.11276	610.80176	367.58364	690.59912
20210513_2	9	0	317.51921	558.33040	217.69517	650.61233
20210513_2	10	0	534.51921	590.93392	446.57373	683.62996
20210513_2	10	1	576.55143	599.65639	480.67534	693.14537
20210513_2	11	0	2406.58612	2102.90749	2265.65304	1685.52863
20210513_2	11	1	2308.64312	2101.32159	2157.79678	1652.62115
20210513_2	12	0	638.00000	1660.53465	611.01980	1384.73267
20210513_2	12	1	570.57426	1634.99010	553.69307	1348.49505
20210513_2	13	0	774.65347	1242.77228	781.78218	1142.97030
20210513_2	14	0	753.39604	1391.08911	744.76238	1203.40594
20210513_2	14	1	817.55446	1358.71287	807.13861	1174.00000
20210513_2	15	0	799.03960	1586.25743	778.08911	1319.38614
20210513_2	15	1	883.99010	1586.25743	884.12871	1327.40594
20210513_2	16	0	1125.62376	1438.03960	1109.62376	1233.50495
20210513_2	16	1	1069.18812	1395.56436	1058.83168	1192.51485
20210513_2	17	0	685.68317	1818.33663	655.44554	1385.19802
20210513_2	17	1	762.91089	1795.46535	734.75248	1351.03960
20210513_2	18	0	240.29703	1844.01980	190.39604	1405.52475
20210513_2	18	1	180.89109	1883.52475	114.65347	1388.29703
20210513_2	19	0	585.22772	1517.33663	575.62376	1207.15842
20210513_2	19	1	660.67327	1502.18812	646.91089	1213.69307
20210513_2	20	0	422.27723	2055.44554	355.78218	1322.09901
20210513_2	20	1	263.04950	2057.82178	192.11881	1261.80198
20210513_2	21	0	852.86139	1803.27723	825.22772	1478.00990
20210513_2	21	1	910.78218	1803.87129	878.69307	1456.92079
20210513_2	22	0	494.24752	1936.09901	437.78218	1454.09901
20210513_2	22	1	583.35644	1932.23762	536.09901	1426.47525
20210513_2	23	0	256.63366	1687.12871	244.75248	1247.52475
20210513_2	24	0	377.48515	1738.66337	340.96040	1375.58416
20210513_2	24	1	474.78218	1726.33663	455.01980	1370.53465
20210513_2	25	0	185.47525	1742.44554	158.31683	1154.58416
20210513_2	25	1	298.04950	1778.98020	263.76238	1179.23762
20210513_2	26	0	351.88119	1733.00990	314.68317	1360.00000
20210513_2	26	1	459.10891	1721.12871	426.36634	1367.72277
20210513_2	27	0	769.56436	1673.15842	751.66337	1282.35644
20210513_2	27	1	856.29703	1704.04950	833.64356	1309.08911
20210513_2	28	0	1092.14851	1840.60396	1075.31683	1287.76238
20210513_2	28	1	1220.76238	1804.06931	1199.77228	1243.20792
20210513_2	29	0	1276.99010	1858.23762	1264.00990	1445.00990
20210513_2	29	1	1374.41584	1884.07921	1374.37624	1456.11881
20210513_2	30	0	917.22772	1207.12871	929.10891	1140.59406
20210513_2	31	0	957.62376	1314.05941	955.24752	1145.34653
20210513_2	32	0	991.18812	1954.04950	960.85149	1485.30693
20210513_2	32	1	1075.54455	1951.37624	1054.11881	1450.55446
20210513_2	33	0	23.76238	1758.41584	106.93069	1192.87129
20210513_2	34	0	35.64356	2086.33663	249.50495	1166.73267
20210513_2	35	0	759.77228	1643.50495	737.92079	1325.64356
20210513_2	35	1	845.91089	1659.84158	820.93069	1357.34653
20210513_2	36	0	315.43564	1828.12871	288.71287	1108.09901
20210513_2	36	1	157.11881	1854.26733	141.38614	1090.87129
20210513_2	37	0	509.97030	1522.65347	503.13861	1162.05941
20210513_2	37	1	587.79208	1487.30693	581.55446	1130.87129
20210513_2	38	0	960.71287	1494.38614	943.45545	1278.83168
20210513_2	38	1	1019.52475	1524.08911	1003.45545	1316.25743
20210513_2	39	0	267.91089	1534.25743	262.04950	1163.69307
20210513_2	39	1	361.77228	1546.73267	346.40594	1182.40594
20210513_2	40	0	89.70297	1865.67327	29.70297	1398.86139
20210513_2	40	1	178.81188	1822.60396	124.15842	1366.48515
20210513_2	41	0	464.46535	1712.35644	439.44554	1215.15842
20210513_2	41	1	553.64356	1691.31683	531.52475	1194.66337
20210513_2	42	0	1222.79208	1772.49505	1212.40594	1459.89109
20210513_2	42	1	1146.15842	1771.00990	1135.47525	1473.85149
20210513_2	43	0	731.57426	1480.22772	712.88119	1318.24752
20210513_2	43	1	785.63366	1451.11881	772.28713	1285.57426
20210513_2	44	0	430.02970	1854.00000	377.47525	1396.08911
20210513_2	44	1	523.00000	1839.44554	480.24752	1398.16832
20210513_2	45	0	702.36634	1725.32673	682.90099	1202.69307
20210513_2	45	1	588.30693	1686.41584	577.45545	1165.86139
20210513_2	46	0	487.12871	1302.17822	501.38614	1133.46535
20210513_2	47	0	603.56436	1356.83168	610.69307	1123.96040
20210513_2	48	0	676.81188	1493.26733	668.41584	1267.71287
20210513_2	48	1	730.87129	1477.82178	724.85149	1257.91089
20210513_2	49	0	594.05941	1318.81188	603.56436	1114.45545
20210513_2	50	0	1036.03960	1131.08911	1028.91089	1102.57426
20210513_2	51	0	361.48451	830.65639	246.64188	836.33040
20210513_2	51	1	294.86741	786.25110	171.69765	785.58150
20210513_2	52	0	953.53408	660.08811	887.37918	744.86784
20210513_2	52	1	872.64188	681.10132	818.38290	769.44934
20210513_2	53	0	722.51301	844.00000	645.89839	876.29515
20210513_2	53	1	644.00000	845.18943	557.47212	881.44934
20210513_2	54	0	879.77200	636.63436	800.24040	696.59031
20210513_2	54	1	783.81165	575.18062	707.45229	651.78855
20210513_2	55	0	321.58612	782.32159	206.59232	798.65198
20210513_2	55	1	240.29740	731.96916	126.09665	757.41850
20210513_2	56	0	862.01487	921.32599	802.87732	971.24670
20210513_2	56	1	760.10657	914.98238	675.19455	963.71366
20210513_2	57	0	962.69021	872.36123	910.75836	911.74890
20210513_2	57	1	902.41760	871.17181	833.43494	918.09251
20210513_2	58	0	1026.13507	898.13216	976.58240	938.70925
20210513_2	58	1	970.22429	884.65198	915.12020	923.64317
20210513_2	59	0	1021.77323	866.01762	961.11772	903.02643
20210513_2	59	1	970.22429	854.91630	905.20694	887.56388
20210513_2	60	0	1040.97893	539.51542	968.53532	645.77974
20210513_2	60	1	904.17596	568.45815	823.00867	688.99559
20210513_2	61	0	845.17224	1768.46256	815.10285	1639.76652
20210513_2	61	1	755.95291	1749.82819	715.17720	1623.51101
20210513_2	62	0	847.94796	1785.90749	819.86121	1659.98678
20210513_2	62	1	805.12268	1774.01322	774.65675	1633.81938
20210513_2	63	0	1505.98389	797.29515	1493.41636	859.50661
20210513_2	63	1	1562.29120	809.98238	1542.98265	869.02203
20210513_2	64	0	1011.86369	820.39648	956.31722	878.50661
20210513_2	64	1	1131.21933	820.79295	1079.24164	875.73128
20210513_2	65	0	1258.14994	641.20705	1199.32714	668.24229
20210513_2	65	1	1095.57249	632.08811	1030.00867	665.86344
20210513_2	66	0	3765.45229	1904.36123	3715.88600	1759.71366
20210513_2	66	1	3821.36307	1929.33921	3780.12392	1783.89868
20210513_2	67	0	506.61834	1806.99559	465.77447	1717.03524
20210513_2	67	1	408.67534	1763.38326	376.95167	1660.33921
20210513_2	68	0	920.89343	1768.46256	898.49938	1618.67841
20210513_2	68	1	795.19331	1771.63436	773.19579	1630.96916
20210513_2	69	0	815.96778	1074.49780	704.00372	685.85903
20210513_2	69	1	957.52912	1024.54185	862.00248	591.45374
20210513_2	70	0	390.07435	571.01762	282.97026	541.44934
20210513_2	70	1	498.72367	590.04846	389.63693	564.04846
20210513_2	71	0	389.82900	491.41850	293.17596	492.76211
20210513_2	71	1	482.61710	499.34802	383.98141	501.48458
20210513_2	72	0	521.47708	532.25551	428.14498	508.45374
20210513_2	72	1	594.04213	537.80617	492.38290	521.93392
20210513_2	73	0	574.39901	504.55066	473.34944	460.08370
20210513_2	73	1	660.84263	474.41850	560.18959	443.43172
20210513_2	74	0	337.33209	2108.06167	243.07311	1803.77093
20210513_2	74	1	417.43123	2040.26432	334.10657	1738.30396
20210513_2	75	0	554.66337	1912.18812	506.69307	1657.85149
20210513_2	75	1	647.73267	1915.75248	597.81188	1662.44554
20210513_2	76	0	1164.74102	1904.63436	1148.80917	1801.72247
20210513_2	77	0	1620.53532	684.20705	1583.16976	625.96035
20210513_2	77	1	1258.50062	583.18502	1195.71128	566.43172
20210513_2	78	0	1668.15861	988.29515	1672.38414	638.67401
20210513_2	78	1	1727.24164	1030.32159	1742.96654	677.13216
20210513_2	79	0	3417.64356	631.66337	3402.78218	352.28713
20210513_2	79	1	3493.38614	665.82178	3493.07921	362.68317
20210513_2	80	0	2665.29703	972.93069	2560.39604	681.29703
20210513_2	80	1	2607.67327	1001.14851	2509.60396	698.22772
20210513_2	81	0	3399.80198	993.78218	3412.24752	693.11881
20210513_2	81	1	3333.86139	1008.93069	3340.96040	718.96040
20210513_2	82	0	1357.52475	513.08911	1221.54455	76.63366
20210513_2	82	1	1301.08911	467.04950	1157.38614	16.03960
20210513_2	83	0	329.05941	238.20792	231.08911	44.85149
20210513_2	83	1	276.18812	241.77228	175.24752	52.87129
20210513_2	84	0	3462.17822	786.22772	3453.34653	478.30693
20210513_2	84	1	3388.21782	805.83168	3379.68317	516.02970
20210513_2	85	0	2718.98020	949.98020	2621.98020	639.02970
20210513_2	85	1	2657.49505	943.74257	2566.13861	645.26733
20210513_2	86	0	2939.19802	356.51485	2891.50495	292.67327
20210513_2	86	1	2994.14851	361.86139	2952.39604	298.91089
20210513_2	87	0	1783.50495	851.00000	1744.81188	459.51485
20210513_2	87	1	1718.75248	807.03960	1661.04950	461.00000
20210513_2	88	0	959.01980	750.43564	819.09901	182.44554
20210513_2	88	1	883.27723	707.36634	746.32673	136.40594
20210513_2	89	0	465.74257	960.00000	278.01980	76.03960
20210513_2	90	0	2911.57426	718.10891	2857.96040	553.46535
20210513_2	90	1	2860.18812	739.19802	2799.43564	585.45545
20210513_2	91	0	1124.69307	420.73267	994.43564	77.82178
20210513_2	91	1	1094.39604	374.09901	958.49505	10.39604
20210513_2	92	0	911.30693	997.87129	770.56436	324.60396
20210513_2	92	1	806.75248	958.66337	658.88119	349.25743
20210513_2	93	0	899.61386	956.99010	772.05941	430.07921
20210513_2	93	1	847.33663	897.88119	715.32673	376.31683
20210513_2	94	0	2575.23762	455.85149	2520.63366	371.89109
20210513_2	94	1	2619.49505	460.90099	2569.34653	376.34653
20210513_2	95	0	975.32673	961.76238	862.00990	323.29703
20210513_2	95	1	896.36634	921.36634	763.39604	328.34653
20210513_2	96	0	2624.89109	449.29703	2574.65347	246.71287
20210513_2	96	1	2681.92079	440.08911	2632.27723	241.96040
20210513_2	97	0	2006.34653	574.18812	1929.86139	255.24752
20210513_2	97	1	2061.89109	542.10891	1991.64356	229.70297
20210513_2	98	0	2448.33663	314.93069	2412.11881	45.74257
20210513_2	98	1	2521.40594	283.74257	2483.10891	26.13861
20210513_2	99	0	2903.48515	955.88119	2851.52475	454.79208
20210513_2	99	1	2951.00990	908.05941	2910.93069	377.26733
20210513_2	100	0	815.50434	702.91630	716.76704	461.24229
20210513_2	100	1	971.73730	775.86784	877.39901	525.00000
20210513_2	101	0	848.31103	762.93833	747.40397	520.77533
20210513_2	101	1	957.35688	818.84141	865.46964	569.44934
20210513_2	102	0	879.52045	774.34361	771.64312	445.18943
20210513_2	102	1	997.68649	805.66520	904.78067	457.93392
20210513_2	103	0	1328.63569	1285.35683	1310.44981	1331.71366
20210513_2	103	1	1283.03470	1268.30837	1263.26270	1313.07930
20210513_2	104	0	247.03841	1755.95595	210.95415	1315.76211
20210513_2	104	1	365.60099	1782.12335	323.17224	1356.59912
20210513_2	105	0	466.63817	1818.14097	441.55638	1211.12335
20210513_2	105	1	445.62206	1977.52423	390.03717	1396.99559
20210513_2	106	0	1612.31664	1887.14286	1621.71614	1498.05495
20210513_2	106	1	1518.11750	1898.61538	1536.22449	1527.72527
20210513_2	107	0	560.83271	1611.84581	535.90458	1386.29075
20210513_2	107	1	675.82652	1636.42731	648.51921	1418.80176
20210513_2	108	0	533.77695	1564.70925	510.62082	1430.31278
20210513_2	108	1	558.75836	1611.09692	528.46468	1462.03084
20210513_2	109	0	1631.29120	2072.37885	1665.68897	1633.95595
20210513_2	109	1	1478.62701	2009.73568	1491.61214	1587.56828
20210513_2	110	0	2365.38614	545.24752	2292.10891	495.37624
20210513_2	110	1	2278.65347	603.46535	2199.03960	523.89109
20210513_2	111	0	2206.88119	423.86139	2153.49505	405.23762
20210513_2	111	1	2143.51485	489.60396	2069.13861	452.76238
20210513_2	112	0	3091.49505	1614.54455	3022.11881	1347.64356
20210513_2	112	1	3219.01980	1578.10891	3145.28713	1298.53465
20210513_2	113	0	3613.46535	1122.14851	3502.57426	1101.91089
20210513_2	113	1	3705.34653	1111.05941	3583.76238	1084.88119
20210513_2	114	0	2632.47525	1988.51485	2549.08911	1481.23762
20210513_2	114	1	2722.77228	2057.42574	2655.62376	1559.25743
20210513_2	115	0	2975.12871	1702.14851	2915.50495	1264.37624
20210513_2	115	1	3080.07921	1694.62376	3019.26733	1238.63366
20210513_2	116	0	1487.07921	1651.17822	1471.74257	1149.71287
20210513_2	116	1	1563.51485	1691.17822	1553.72277	1190.10891
20210513_2	117	0	2183.50495	2133.06931	1986.35644	1960.81188
20210513_2	117	1	2248.45545	2094.25743	2116.25743	1925.16832
20210513_2	118	0	2111.82178	2099.80198	1958.68317	1722.22772
20210513_2	119	0	2983.17822	1845.29703	2916.38614	1502.69307
20210513_2	119	1	3147.13861	1737.17822	3092.75248	1357.38614
20210513_2	120	0	2871.37624	1595.36634	2791.94059	1117.76238
20210513_2	120	1	2728.40594	1639.32673	2652.93069	1148.25743
20210513_2	121	0	2783.15842	1942.95050	2713.51485	1448.07921
20210513_2	121	1	2882.16832	1883.54455	2832.32673	1386.29703
20210513_2	122	0	2422.16832	1650.94059	2333.66337	1464.03960
20210513_2	122	1	2537.41584	1630.74257	2438.21782	1453.34653
20210513_2	123	0	30.75786	1156.88938	66.24769	1128.49945
20210513_2	124	0	1867.21010	463.85542	1776.21811	322.38007
20210513_2	124	1	1800.96242	362.51917	1691.83118	244.70208
20210513_2	125	0	2337.58416	1262.26733	2253.18812	1286.42574
20210513_2	125	1	2422.33663	1239.69307	2337.94059	1269.00000
20210513_2	126	0	2047.16832	1362.25743	1974.50495	1240.07921
20210513_2	126	1	2148.15842	1389.18812	2069.95050	1276.51485
20210513_2	127	0	2463.69393	731.63436	2401.53532	801.24229
20210513_2	127	1	2595.73854	663.04405	2535.56258	748.90749
20210513_2	128	0	2415.08178	880.55066	2305.84387	779.60352
20210513_2	128	1	2201.74845	872.62115	2073.47708	706.25551
20210513_2	129	0	557.87485	327.66520	472.80793	526.35683
20210513_2	129	1	371.50558	293.17181	284.85254	491.86344
20210513_2	130	0	377.73267	1352.18812	387.56436	1105.06931
20210513_2	130	1	322.18812	1386.34653	330.83168	1135.96040
20210513_2	131	0	3240.65347	1848.78218	3185.55446	1348.82178
20210513_2	131	1	3164.61386	1830.36634	3108.02970	1338.12871
20210513_2	132	0	712.69307	1426.32673	702.16832	1266.07921
20210513_2	132	1	661.60396	1469.39604	648.10891	1310.93069
20210513_2	133	0	560.42574	1310.84158	559.18812	1116.34653
20210513_2	133	1	531.61386	1356.28713	528.59406	1159.11881
20210513_2	134	0	3684.05941	1849.40594	3634.15842	1251.77228
20210513_2	134	1	3603.26733	1835.14851	3548.01980	1208.10891
20210513_2	135	0	969.02970	1394.04950	950.57426	1300.00000
20210513_2	135	1	934.27723	1422.26733	916.11881	1326.73267
20210513_2	136	0	2844.61386	1868.90099	2777.23762	1260.01980
20210513_2	136	1	2776.89109	1832.06931	2711.66337	1187.37624
20210513_2	137	0	2373.64356	1864.44554	2302.55446	1175.70297
20210513_2	137	1	2272.65347	1816.02970	2202.93069	1104.45545
20210513_2	138	0	3135.56436	1907.43564	3061.06931	1265.46535
20210513_2	138	1	3231.20792	1932.38614	3138.29703	1242.29703
20210513_2	139	0	3742.57426	1670.49505	3626.13861	1352.07921
20210513_2	140	0	3208.11881	2078.61386	3165.92079	1510.53465
20210513_2	140	1	3135.94059	2037.02970	3088.09901	1459.14851
20210513_2	141	0	2804.49505	1866.22772	2774.33663	1141.83168
20210513_2	141	1	2888.55446	1867.71287	2853.94059	1126.68317
20210513_2	142	0	3218.89109	1888.30693	3137.51485	1494.41584
20210513_2	142	1	3176.41584	1814.04950	3063.25743	1434.41584
20210513_2	143	0	1469.49505	1638.73267	1453.61386	1426.85149
20210513_2	143	1	1414.54455	1614.07921	1400.74257	1413.48515
20210513_2	144	0	1208.32673	2071.78218	1205.58416	1448.29703
20210513_2	144	1	1105.25743	2049.50495	1099.24752	1404.93069
20210513_2	145	0	699.25743	1894.45545	668.67327	1310.35644
20210513_2	145	1	612.82178	1909.90099	589.06931	1301.14851
20210513_2	146	0	2991.50154	373.12377	2946.30561	377.47755
20210513_2	146	1	2912.24091	357.74589	2872.17129	351.05915
20210513_2	147	0	2507.65799	442.46696	2450.55762	599.47137
20210513_2	148	0	3030.12508	1433.46112	2933.85705	1349.80175
20210513_2	148	1	2986.35428	1421.23768	2889.69193	1332.84666
20210513_2	149	0	1772.00123	432.36802	1690.74861	382.26287
20210513_2	149	1	1870.97843	486.78204	1798.40111	408.68127
20210513_2	150	0	3090.81824	478.22563	3057.67160	319.81928
20210513_2	150	1	3149.57363	484.14020	3109.72335	322.97371
20210513_2	151	0	3811.44981	308.48458	3775.76208	445.15419
20210513_2	151	1	3661.16481	305.31278	3625.87361	454.27313
20210513_2	152	0	3205.91497	1885.56407	3120.73937	1677.37130
20210513_2	153	0	3314.31300	495.87185	3284.02957	250.56736
20210513_2	153	1	3374.64572	455.25849	3345.93962	207.58817
20210513_2	154	0	2943.78743	1916.64403	2843.24892	1656.08215
20210513_2	154	1	2866.89279	1888.25411	2768.72027	1627.29792
20210513_2	155	0	2990.60998	1755.44359	2898.33641	1613.49398
20210513_2	156	0	3387.48515	1737.51485	3312.29703	1622.39604
20210513_2	156	1	3316.59406	1687.61386	3231.90099	1570.91089
20210513_2	157	0	3316.88540	1837.70537	3237.40604	1845.73713
20210513_2	158	0	3192.70240	1864.67251	3108.32656	1571.76561
20210513_2	158	1	3126.84904	1837.07119	3033.00924	1547.71303
20210513_2	159	0	3697.25200	340.04272	3666.09982	245.04710
20210513_2	159	1	3743.78312	340.43702	3708.29328	248.59584
20210513_2	160	0	3051.73567	460.97371	3013.97289	345.39211
20210513_2	160	1	3105.36476	459.79080	3066.81331	345.78642
20210513_2	161	0	3527.22058	2104.00876	3492.27726	1893.89595
20210513_2	161	1	3452.69193	2100.06572	3415.38262	1895.86747
20210513_2	162	0	3359.34935	1728.06681	3271.56069	1686.83899
20210513_2	162	1	3280.48306	1695.33954	3200.58102	1665.15225
20210513_2	163	0	3387.83118	1419.22125	3286.64572	1227.56188
20210513_2	163	1	3359.43931	1343.51479	3253.12754	1159.74151
20210513_2	164	0	3562.46026	1830.68018	3496.95502	1439.60241
20210513_2	164	1	3525.78743	1731.70975	3444.50893	1344.96933
20210513_2	165	0	3231.78497	1485.06681	3134.93962	1189.66375
20210513_2	165	1	3172.24091	1434.59584	3077.76155	1145.50164
20210513_2	166	0	2216.78497	599.94962	2124.26925	178.68127
20210513_2	166	1	2144.62230	678.81051	2039.09365	247.68456
20210513_2	167	0	3722.09489	1943.40854	3673.19778	1812.39211
20210513_2	168	0	3397.34935	1780.11172	3317.60197	1547.81818
20210513_2	168	1	3325.18669	1797.46112	3237.55268	1577.78532
20210513_2	169	0	3107.43438	2084.29354	3036.69994	1653.98467
20210513_2	169	1	3056.17129	2025.93647	2970.45225	1576.70099
20210513_2	170	0	2687.24338	1974.87952	2590.98336	1661.78970
20210513_2	170	1	2750.33641	1958.71303	2664.32902	1651.53779
20210513_2	171	0	3521.18731	583.57941	3500.12323	430.36364
20210513_2	171	1	3310.21996	571.75027	3275.35428	395.66484
20210513_2	172	0	3332.70240	800.60350	3318.67899	546.71413
20210513_2	172	1	3203.36168	827.41621	3173.56500	562.48631
20210513_2	173	0	710.31103	831.79736	584.86245	461.85022
20210513_2	173	1	592.54151	832.59031	454.40397	467.40088
20210513_2	174	0	2760.85750	531.32599	2696.46097	488.56828
20210513_2	174	1	2556.24783	537.66960	2492.24783	465.57269
20210513_2	175	0	1654.27633	1829.59912	1659.06815	1663.12775
20210513_2	175	1	1600.74473	1854.57709	1616.24287	1680.96916
20210513_2	176	0	1382.15489	1872.46256	1377.54647	1741.32159
20210513_2	177	0	608.26146	332.60352	523.95167	427.23789
20210513_2	177	1	770.83891	320.31278	670.66791	409.00000
20210513_2	178	0	1195.71128	1854.22467	1181.17720	1663.93392
20210513_2	178	1	1370.97770	1821.31718	1359.61586	1631.42291
20210513_2	179	0	1525.04089	886.92511	1507.01983	726.46256
20210513_2	179	1	1626.55266	878.59912	1610.11772	689.98678
20210513_2	180	0	1311.68317	1157.22772	1283.16832	1287.92079
20210513_2	181	0	2252.67327	109.30693	2217.02970	318.41584
20210513_2	182	0	1345.04833	397.90308	1237.09789	248.07930
20210513_2	182	1	1228.46840	335.25991	1116.94919	201.69163
20210513_2	183	0	3034.59975	2121.93833	2950.01363	1625.26432
20210513_2	183	1	2847.43742	2111.62996	2740.24907	1629.22907
20210513_2	184	0	964.60595	318.94273	841.07311	4.75771
20210513_2	184	1	1062.54895	364.53744	941.40273	95.15419
20210513_2	185	0	1159.15985	427.80176	1057.14250	225.34361
20210513_2	185	1	1248.37918	479.74009	1145.56877	280.05727
20210513_2	186	0	481.91574	1322.85463	478.43371	1306.32599
20210513_2	187	0	112.21809	1455.33480	95.56382	1418.90308
20210513_2	187	1	189.93804	1397.84581	172.88724	1366.96476
20210513_2	188	0	1128.73978	715.97357	1017.19827	275.14537
20210513_2	188	1	1030.00372	611.30396	897.84263	162.14978
20210513_2	189	0	2892.96654	1807.96035	2787.90954	1614.07489
20210513_2	189	1	2768.45601	1813.90749	2663.79554	1625.96916
20210513_2	190	0	1860.14851	2084.75248	1907.39604	1852.03960
20210513_2	190	1	1806.68317	2094.25743	1842.84158	1867.48515
20210513_2	191	0	1229.17822	2084.75248	1217.79208	1871.03960
20210513_2	191	1	1307.99010	2069.70297	1307.66337	1855.51485
20210513_2	192	0	124.11400	1330.04846	115.78686	1307.81938
20210513_2	192	1	191.92069	1279.69604	192.31722	1265.00000
20210513_2	193	0	3024.90099	659.42574	2975.72277	612.72277
20210513_2	193	1	2832.42574	679.22772	2783.24752	614.70297
20210513_2	194	0	3136.92079	1914.84158	3060.90099	1848.21782
20210513_2	194	1	3212.56436	1947.71287	3137.73267	1876.33663
20210513_2	195	0	3218.50495	2001.97030	3155.15842	1886.23762
20210513_2	195	1	3287.81188	2038.40594	3226.04950	1929.80198
20210513_2	196	0	2885.45545	1718.11881	2792.66337	1747.65347
20210513_2	196	1	2941.04950	1727.13861	2852.06931	1751.61386
20210513_2	197	0	2969.09901	986.07921	2918.81188	786.75248
20210513_2	197	1	2896.22772	959.54455	2827.72277	765.36634
20210513_2	198	0	2236.03960	1589.70297	2124.35644	1670.49505
20210513_2	199	0	2780.19802	1668.11881	2692.27723	1760.79208
20210513_2	200	0	1893.65347	830.98020	1874.85149	705.74257
20210513_2	201	0	782.69307	1123.61386	774.59406	1149.83168
20210513_2	201	1	969.22772	1153.71287	963.50495	1198.54455
20210513_2	202	0	2831.59406	306.30693	2783.56436	446.59406
20210513_2	202	1	2942.48515	265.91089	2903.56436	402.23762
20210513_2	203	0	1587.32673	1413.86139	1565.94059	1468.51485
20210513_2	204	0	1292.67327	1233.26733	1276.03960	1399.60396
20210513_2	205	0	2292.77228	454.05941	2230.01980	538.53465
20210513_2	205	1	2204.85149	478.61386	2138.13861	544.07921
20210513_2	206	0	182.57426	16.63366	102.57426	56.23762
20210513_2	207	0	712.10891	30.89109	610.69307	197.22772
20210513_2	208	0	931.48515	111.68317	824.55446	147.32673
20210513_2	209	0	1157.32673	489.48515	1038.26733	188.67327
20210513_2	209	1	1069.70297	493.94059	961.86139	232.17822
20210513_2	210	0	997.11881	425.11881	893.67327	285.99010
20210513_2	210	1	853.75248	290.06931	746.74257	197.27723
20210513_2	211	0	881.38614	220.31683	774.18812	146.93069
20210513_2	211	1	966.13861	160.11881	861.31683	102.97030
20210513_2	212	0	1352.16832	389.07921	1228.66337	131.08911
20210513_2	212	1	1226.22772	412.44554	1113.73267	188.49505
20210513_2	213	0	1004.60396	304.08911	902.73267	253.29703
20210513_2	213	1	945.99010	308.44554	847.28713	266.76238
20210513_2	214	0	945.20792	315.94059	832.36634	40.39604
20210513_2	214	1	1094.51485	462.07921	985.23762	211.88119
20210513_2	215	0	1565.12871	1286.26733	1533.95050	1105.24752
20210513_2	215	1	1647.10891	1272.40594	1610.38614	1103.26733
20210513_2	216	0	369.50495	171.08911	274.05941	114.05941
20210513_2	216	1	268.91089	83.56436	182.97030	44.75248
20210513_2	217	0	111.28713	308.47525	9.50495	280.39604
20210513_2	218	0	1140.56436	1343.13861	1124.43564	1190.10891
20210513_2	218	1	1078.38614	1253.63366	1067.00990	1103.37624
20210513_2	219	0	1551.28713	167.53465	1422.33663	85.94059
20210513_2	219	1	1451.48515	165.95050	1321.34653	96.63366
20210513_2	220	0	1698.64356	622.96040	1595.02970	191.34653
20210513_2	220	1	1575.67327	596.82178	1473.24752	171.14851
20210513_2	221	0	479.37624	941.63366	310.62376	13.96040
20210513_2	221	1	644.82178	937.47525	474.88119	6.83168
20210513_2	222	0	1659.46535	544.07921	1557.55446	220.11881
20210513_2	222	1	1574.81188	519.12871	1465.77228	180.01980
20210513_2	223	0	677.22772	78.41584	646.33663	80.79208
20210513_2	224	0	998.93069	571.09901	873.57426	79.60396
20210513_2	224	1	1091.00990	519.71287	960.90099	51.68317
20210513_2	225	0	2517.71287	461.05941	2422.72277	139.38614
20210513_2	225	1	2401.57426	472.34653	2315.79208	124.23762
20210513_2	226	0	563.55446	577.58416	426.21782	134.48515
20210513_2	226	1	462.86139	560.05941	331.16832	123.49505
20210513_2	227	0	1372.70297	541.31683	1286.63366	372.39604
20210513_2	227	1	1432.10891	557.35644	1344.85149	373.58416
20210513_2	228	0	959.63366	427.69307	850.17822	237.17822
20210513_2	228	1	892.20792	432.14851	783.34653	224.70297
20210513_2	229	0	1334.56436	304.53465	1218.17822	114.27723
20210513_2	229	1	1429.31683	316.11881	1303.72277	108.03960
20210513_2	230	0	1189.12871	1375.45545	1206.77228	1209.24752
20210513_2	230	1	1247.64356	1386.74257	1252.81188	1224.39604
20210513_2	231	0	1067.11881	1347.96040	1051.44554	1089.14851
20210513_2	231	1	1130.08911	1371.72277	1109.07921	1114.18812
20210513_2	232	0	1234.32673	1245.43564	1212.73267	1082.89109
20210513_2	232	1	1302.04950	1276.92079	1265.90099	1103.68317
20210513_2	233	0	1645.95050	1350.49505	1611.28713	1089.33663
20210513_2	233	1	1692.58416	1379.90099	1657.32673	1117.55446
20210513_2	234	0	347.54455	2064.55446	260.43564	1669.02970
20210513_2	234	1	455.66337	2030.49505	385.18812	1632.59406
20210513_2	235	0	892.57452	767.06593	788.32591	535.62637
20210513_2	235	1	794.81323	761.52747	667.21274	530.48352
20210513_2	236	0	788.48052	898.40659	679.87817	641.64835
20210513_2	236	1	845.07916	932.82418	740.43476	676.06593
20210513_2	237	0	2550.02970	1792.65347	2435.64356	1677.62376
20210513_2	238	0	2699.88119	1558.61386	2599.64356	1566.48515
20210513_2	239	0	2827.88228	1425.72247	2773.70756	1308.85463
20210513_2	240	0	2109.94059	1916.53465	1960.39604	1796.43564
20210513_2	241	0	1059.80198	1268.91089	1054.60396	1364.25743
20210513_2	242	0	686.13861	558.20792	589.54455	551.74257
20210513_2	242	1	587.92079	534.04950	489.34653	550.55446
20210513_2	243	0	85.65056	1327.24229	114.20074	1213.21586
20210513_2	244	0	537.16832	923.82178	423.27723	874.16832
20210513_2	244	1	397.76238	895.70297	275.15842	831.00000
20210513_2	245	0	1128.16832	515.68317	1045.82178	513.60396
20210513_2	245	1	1041.83168	526.37624	957.10891	554.39604
20210513_2	246	0	826.93069	556.03960	736.63366	522.77228
20210513_2	247	0	1331.05941	675.89109	1277.45545	707.01980
20210513_2	247	1	1249.47525	617.67327	1182.40594	657.11881
20210513_2	248	0	988.40594	891.65347	926.26733	876.05941
20210513_2	248	1	931.77228	820.36634	853.79208	778.23762
20210513_2	249	0	1068.00990	854.42574	1008.24752	848.73267
20210513_2	249	1	974.14851	786.30693	898.54455	777.44554
20210513_2	250	0	1397.22772	1397.22772	1378.21782	1164.35644
20210513_2	251	0	927.33663	937.62376	866.65347	964.07921
20210513_2	251	1	813.27723	923.36634	739.12871	947.44554
20210513_2	252	0	229.70297	674.04950	126.33663	690.41584
20210513_2	252	1	346.13861	685.93069	257.42574	730.41584
20210513_2	253	0	290.00990	427.88119	196.83168	430.07921
20210513_2	253	1	400.90099	374.01980	306.93069	379.78218
20210513_2	254	0	139.00990	847.81188	21.38614	789.76238
20210513_2	254	1	276.83168	818.90099	150.89109	753.72277
20210513_2	255	0	456.23762	709.18812	345.25743	558.62376
20210513_2	255	1	650.29703	675.92079	548.42574	496.44554
20210513_2	256	0	405.35644	623.11881	310.15842	707.00000
20210513_2	256	1	510.70297	638.16832	424.61386	716.90099
20210513_2	257	0	481.41584	949.82178	369.76238	883.28713
20210513_2	257	1	629.53465	912.59406	530.55446	853.58416
20210513_2	258	0	513.26733	460.99010	408.71287	489.50495
20210513_2	259	0	680.44554	739.88119	605.94059	905.34653
20210513_2	260	0	640.83168	493.52475	553.89109	483.62376
20210513_2	260	1	761.62376	456.69307	675.47525	444.41584
20210513_2	261	0	368.31683	570.29703	259.00990	586.93069
20210513_2	262	0	129.90099	588.58416	21.38614	618.22772
20210513_2	262	1	250.69307	575.11881	152.47525	610.70297
20210513_2	263	0	125.54455	406.86139	33.26733	453.86139
20210513_2	264	0	465.74257	660.59406	363.56436	760.39604
20210513_2	265	0	546.53465	636.83168	444.35644	636.83168
20210513_2	266	0	28.51485	570.29703	19.00990	579.80198
20210513_2	267	0	520.39604	537.02970	415.84158	537.02970
20210513_2	268	0	1267.35644	504.24752	1178.12871	456.56436
20210513_2	268	1	1142.60396	456.72277	1052.98020	426.86139
20210513_2	269	0	1556.40594	661.08911	1493.35644	544.74257
20210513_2	269	1	1442.74257	587.82178	1369.79208	479.39604
20210513_2	270	0	369.00990	511.08911	259.00990	515.64356
20210513_2	271	0	508.51485	444.35644	415.84158	513.26733
20210513_2	272	0	193.26733	317.02970	114.05941	380.98020
20210513_2	272	1	288.71287	285.34653	207.12871	346.12871
20210513_2	273	0	2036.43564	1625.34653	1950.89109	1297.42574
20210513_2	274	0	665.34653	411.08911	572.67327	496.63366
20210513_2	275	0	185.34653	670.09901	68.91089	784.15842
20210513_2	276	0	559.04950	1182.70297	562.77228	1161.46535
20210513_2	276	1	466.77228	1130.02970	476.83168	1102.45545
20210513_2	277	0	683.23762	623.26733	571.81188	435.76238
20210514_1	0	0	3264.23792	620.88106	3169.07063	806.43172
20210514_1	1	0	3576.23762	547.47525	3555.24752	587.21782
20210514_1	2	0	940.99010	864.95050	886.33663	1017.02970
20210514_1	3	0	892.52475	1800.44554	861.85149	1895.94059
20210514_1	4	0	528.19802	1608.31683	515.25743	1551.07921
20210514_1	4	1	277.10891	1546.13861	258.22772	1467.11881
20210514_1	5	0	592.55446	156.55446	504.86139	399.24752
20210514_1	6	0	584.58416	97.82178	504.91089	348.22772
20210514_1	7	0	2592.25743	2049.90099	2495.33663	1891.90099
20210514_1	7	1	3031.51485	1874.08911	2973.70297	1690.42574
20210514_1	8	0	735.84158	1498.28713	718.90099	1518.62376
20210514_1	8	1	883.56436	1494.32673	873.75248	1524.16832
20210514_1	9	0	2566.29703	903.60396	2475.07921	882.78218
20210514_1	9	1	2226.64356	967.89109	2097.18812	935.55446
20210514_1	10	0	414.73267	704.13861	331.08911	878.94059
20210514_1	10	1	175.52475	691.86139	72.07921	846.86139
20210514_1	11	0	380.22635	628.62637	291.70068	811.59341
20210514_1	12	0	2619.70297	218.45545	2581.98020	415.92079
20210514_1	13	0	852.21782	293.51485	777.02970	579.80198
20210514_1	14	0	696.66337	1481.64356	687.78218	1411.48515
20210514_1	14	1	819.83168	1428.17822	814.91089	1363.99010
20210514_1	15	0	815.75263	521.23077	745.32035	651.46154
20210514_1	15	1	512.95300	527.39560	431.05937	665.30769
20210514_1	16	0	1190.08911	117.24752	1094.17822	263.95050
20210514_1	17	0	1033.11565	58.54945	942.56092	234.63736
20210514_1	17	1	1221.11812	37.18681	1120.27273	203.78022
20210514_1	18	0	1733.58071	1587.95604	1724.08163	1713.75824
20210514_1	19	0	1785.82560	1561.84615	1771.57699	1673.40659
20210514_1	20	0	630.24366	476.59341	543.16698	484.40659
20210514_1	20	1	785.39518	384.81319	697.92270	372.84615
20210514_1	21	0	1814.85405	1729.54945	1819.62090	1718.78022
20210514_1	22	0	458.33024	270.59341	391.83673	574.41758
20210514_1	23	0	999.77737	170.90110	919.03525	455.73626
20210514_1	24	0	294.22449	662.95604	188.39827	660.28571
20210514_1	24	1	452.14657	653.85714	353.84045	651.97802
20210514_1	25	0	1678.96104	83.07692	1586.34508	268.21978
20210514_1	26	0	1443.42548	174.85714	1350.56895	308.40659
20210514_1	26	1	1356.74644	134.50549	1261.51515	279.13187
20210514_1	27	0	441.84787	597.21978	339.58009	542.05495
20210514_1	27	1	623.91342	550.53846	529.95733	481.52747
20210514_1	28	0	272.72727	450.79121	171.77489	372.50549
20210514_1	28	1	477.74892	402.92308	378.80210	335.73626
20210514_1	29	0	348.45393	470.31868	257.12121	541.26374
20210514_1	29	1	464.02597	424.03297	377.04700	487.85714
20210514_1	30	0	446.89549	348.41758	366.52072	508.58242
20210514_1	30	1	537.13667	334.57143	461.88992	496.00000
20210514_1	31	0	476.67347	1640.82198	457.21150	1580.93846
20210514_1	31	1	537.58627	1658.74286	515.98701	1605.98022
20210514_1	32	0	507.93506	1797.42637	474.53432	1665.36484
20210514_1	32	1	417.93135	1821.16264	373.64193	1683.92088
20210514_1	33	0	297.75201	662.02198	189.86085	630.63736
20210514_1	33	1	447.36240	612.57143	347.38714	593.05495
20210514_1	34	0	334.47124	261.68132	256.24119	426.35165
20210514_1	34	1	427.08720	251.39560	349.25294	417.25275
20210514_1	35	0	1375.19852	1717.58242	1373.85158	1650.87912
20210514_1	35	1	1455.94063	1728.56044	1456.67161	1659.48352
20210514_1	36	0	1156.19666	1515.57143	1143.33952	1521.50549
20210514_1	36	1	1219.72171	1520.02198	1212.20779	1526.54945
20210514_1	37	0	346.04824	698.20879	236.53989	661.49451
20210514_1	37	1	461.22449	680.40659	360.02783	644.87912
20210514_1	38	0	1465.67327	1781.24752	1468.42574	1594.15842
20210514_1	38	1	1579.13861	1733.42574	1580.52475	1553.19802
20210514_1	39	0	773.67718	1808.19780	750.69573	1644.53846
20210514_1	39	1	677.20223	1838.75824	648.58071	1656.40659
20210514_1	40	0	2487.70130	132.13407	2447.70130	129.16264
20210514_1	40	1	2388.34694	139.99780	2347.48423	132.38462
20210514_1	41	0	555.08905	1396.30769	555.67532	1301.54066
20210514_1	41	1	622.76994	1362.24615	624.30612	1272.10769
20210514_1	42	0	430.35065	480.48352	344.10204	610.79121
20210514_1	42	1	507.92641	479.69231	424.84416	610.79121
20210514_1	43	0	529.47681	699.32967	433.26840	669.95604
20210514_1	43	1	619.71800	695.37363	529.44651	676.68132
20210514_1	44	0	334.70439	527.30769	237.47681	572.45055
20210514_1	44	1	417.42548	513.06593	328.11379	573.63736
20210514_1	45	0	1036.51391	1438.95604	1027.13544	1393.21978
20210514_1	45	1	1119.33395	1435.69231	1112.62709	1386.69231
20210514_1	46	0	488.43290	607.49451	397.14038	637.46154
20210514_1	46	1	556.90538	575.84615	469.17502	613.72527
20210514_1	47	0	391.70068	828.40659	280.09833	851.24176
20210514_1	47	1	478.37972	800.71429	379.04700	825.13187
20210514_1	48	0	1153.13667	384.40659	1085.47681	527.43956
20210514_1	48	1	1209.73531	416.05495	1149.99134	554.73626
20210514_1	49	0	2704.06308	335.54066	2650.37848	401.20440
20210514_1	49	1	2620.70315	341.40220	2565.72727	401.85275
20210514_1	50	0	440.46753	2057.01319	372.32096	1722.84615
20210514_1	50	1	287.02412	2053.15385	206.30798	1695.63736
20210514_1	51	0	920.63636	1724.52747	899.73284	1600.62637
20210514_1	51	1	1018.59555	1726.60440	1004.81633	1605.37363
20210514_1	52	0	940.61657	490.46154	871.61657	596.31868
20210514_1	52	1	1016.21336	507.86813	949.98392	617.68132
20210514_1	53	0	1291.47310	311.27473	1210.80581	383.87912
20210514_1	53	1	1374.19419	306.52747	1289.56895	375.96703
20210514_1	54	0	488.55349	476.65934	396.31231	491.96703
20210514_1	54	1	570.87879	482.19780	486.55349	516.89011
20210514_1	55	0	2559.43414	230.59121	2510.52505	254.33407
20210514_1	55	1	2479.27829	242.70769	2430.38590	257.53626
20210514_1	56	0	800.45207	400.74725	724.99505	545.49451
20210514_1	56	1	867.34137	400.35165	795.84230	548.65934
20210514_1	57	0	205.09833	1296.44396	218.51763	1199.75604
20210514_1	57	1	285.60297	1288.61099	298.90353	1197.38242
20210514_1	58	0	148.02721	441.26374	51.45331	488.76923
20210514_1	58	1	243.80952	418.71429	156.73469	474.52747
20210514_1	59	0	849.45393	307.74725	768.80581	396.52747
20210514_1	59	1	930.59184	308.93407	852.71429	397.71429
20210514_1	60	0	69.38961	1246.47692	96.58627	1149.55385
20210514_1	60	1	152.36920	1239.30989	175.67718	1158.47692
20210514_1	61	0	189.58565	358.52747	101.71923	458.69231
20210514_1	61	1	264.39085	370.79121	184.83612	479.65934
20210514_1	62	0	1607.88119	1787.20792	1616.15842	1568.43564
20210514_1	62	1	1725.20792	1722.45545	1733.18812	1516.15842
20210514_1	63	0	1821.09091	757.03297	1798.23624	666.14286
20210514_1	63	1	1715.01793	770.08791	1691.09276	700.84615
20210514_1	64	0	183.25294	819.02198	35.62152	614.13187
20210514_1	64	1	279.82684	771.94505	144.06926	585.25275
20210514_1	65	0	583.43105	554.06593	496.45207	622.27473
20210514_1	65	1	649.92455	551.69231	571.25727	622.67033
20210514_1	66	0	350.93197	720.72527	246.58009	745.02198
20210514_1	66	1	430.48670	704.10989	333.65492	735.13187
20210514_1	67	0	442.88992	830.90110	331.68336	784.48352
20210514_1	67	1	540.65121	775.91209	436.17316	743.73626
20210514_1	68	0	704.54455	1575.69307	689.53465	1539.17822
20210514_1	68	1	777.01980	1581.33663	763.49505	1546.90099
20210514_1	69	0	1487.41584	1983.03960	1504.13861	1641.79208
20210514_1	69	1	1621.97030	1958.68317	1654.74257	1605.81188
20210514_1	70	0	1457.72277	1497.91089	1448.02970	1393.32673
20210514_1	70	1	1554.55446	1481.87129	1546.34653	1377.88119
20210514_1	71	0	609.94743	767.15385	514.67780	727.47253
20210514_1	71	1	725.51948	708.60440	636.18677	671.69231
20210514_1	72	0	1701.27829	21.36264	1577.77551	104.83516
20210514_1	72	1	1630.82684	35.60440	1512.86518	124.21978
20210514_1	73	0	574.94805	1378.02198	576.94991	1260.86813
20210514_1	73	1	653.61224	1349.24176	657.52876	1226.05495
20210514_1	74	0	475.32653	1983.02198	418.92022	1666.86813
20210514_1	74	1	597.62709	1965.81319	548.93878	1643.42857
20210514_1	75	0	1629.34653	1656.32673	1627.34653	1322.22772
20210514_1	75	1	1790.63366	1677.41584	1789.05941	1312.16832
20210514_1	76	0	865.72277	1986.37624	837.03960	1660.60396
20210514_1	76	1	969.38614	1990.53465	959.42574	1651.75248
20210514_1	77	0	520.35644	273.79208	425.34653	430.09901
20210514_1	78	0	2158.42362	408.51648	2089.54607	308.41758
20210514_1	78	1	2059.47495	398.23077	1989.41002	273.20879
20210514_1	79	0	779.00000	1497.68317	773.12871	1367.00990
20210514_1	79	1	878.20792	1497.98020	872.63366	1375.92079
20210514_1	80	0	267.41187	211.18681	184.44032	202.47253
20210514_1	80	1	386.94187	231.75824	300.40816	237.68132
20210514_1	81	0	377.87075	614.34066	273.49412	581.16484
20210514_1	81	1	479.58998	560.53846	383.92084	529.73626
20210514_1	82	0	988.70297	1690.21782	973.28713	1505.43564
20210514_1	82	1	1111.37624	1662.59406	1104.27723	1479.89109
20210514_1	83	0	1715.95050	1746.39604	1723.16832	1611.72277
20210514_1	83	1	1822.58416	1777.88119	1836.12871	1630.18812
20210514_1	84	0	1236.07921	1713.70297	1227.29703	1599.00990
20210514_1	84	1	1331.42574	1691.12871	1324.40594	1577.96040
20210514_1	85	0	432.72171	404.96703	339.99691	423.35165
20210514_1	85	1	538.79468	437.40659	451.21521	458.56044
20210514_1	86	0	1024.23762	1707.24752	1014.44554	1464.70297
20210514_1	86	1	1146.61386	1667.44554	1138.51485	1422.53465
20210514_1	87	0	776.33663	1664.12871	760.01980	1516.79208
20210514_1	87	1	874.05941	1629.97030	859.22772	1489.16832
20210514_1	88	0	1116.62028	317.27473	1028.84972	335.46154
20210514_1	88	1	1217.54793	344.17582	1131.75634	355.24176
20210514_1	89	0	729.59555	602.91209	647.17873	617.18681
20210514_1	89	1	806.77551	552.27473	728.31664	567.73626
20210514_1	90	0	2651.25046	196.28791	2601.13544	151.86374
20210514_1	90	1	2537.22263	184.52527	2485.58071	130.83956
20210514_1	91	0	1792.54978	780.24176	1771.46197	662.14286
20210514_1	91	1	1663.52072	789.34066	1642.82870	690.23077
20210514_1	92	0	186.97032	1643.79780	163.53247	1392.51209
20210514_1	92	1	284.41744	1677.73407	262.46011	1454.87033
20210514_1	93	0	496.55446	1875.64356	458.33663	1570.60396
20210514_1	93	1	614.47525	1843.86139	583.08911	1546.24752
20210514_1	94	0	2738.51577	1543.53626	2656.69202	1496.87912
20210514_1	94	1	2804.17811	1532.85495	2723.30427	1491.41978
20210514_1	95	0	1081.79035	532.81319	999.31045	429.04396
20210514_1	95	1	1217.54793	533.60440	1141.79654	436.16484
20210514_1	96	0	1091.16327	682.60440	1029.68151	673.74725
20210514_1	96	1	1188.92455	682.60440	1129.81756	665.83516
20210514_1	97	0	55.92579	1636.92747	33.24675	1454.72967
20210514_1	97	1	130.37477	1672.65055	106.08720	1501.85714
20210514_1	98	0	263.02783	1779.27473	225.00928	1609.95604
20210514_1	98	1	369.59555	1772.74725	334.84230	1616.78022
20210514_1	99	0	2835.31540	94.99341	2786.93321	125.84176
20210514_1	99	1	2743.87755	90.33846	2699.42301	113.38022
20210514_1	100	0	1405.68317	1746.06931	1403.55446	1558.63366
20210514_1	100	1	1522.11881	1753.79208	1527.03960	1550.82178
20210514_1	101	0	1468.96040	1500.81188	1459.50495	1416.00000
20210514_1	101	1	1556.28713	1511.20792	1549.80198	1416.59406
20210514_1	102	0	454.51330	531.65934	365.74273	539.30769
20210514_1	102	1	563.35683	486.56044	469.44094	492.23077
20210514_1	103	0	960.27723	1566.24752	948.26733	1534.00990
20210514_1	103	1	1033.94059	1566.84158	1026.98020	1535.79208
20210514_1	104	0	360.82498	708.31868	247.76747	650.16484
20210514_1	104	1	486.29190	745.50549	379.17130	711.08791
20210514_1	105	0	176.84230	1700.52747	152.57885	1445.63736
20210514_1	105	1	310.12616	1670.85714	291.50278	1435.54945
20210514_1	106	0	2689.81262	1442.73626	2614.44156	1404.49670
20210514_1	106	1	2770.55473	1435.49670	2692.69017	1395.35824
20210514_1	107	0	719.47681	547.74725	638.95300	593.31868
20210514_1	107	1	807.34323	561.98901	728.40260	608.35165
20210514_1	108	0	2769.01484	1550.56044	2688.05380	1508.97582
20210514_1	108	1	2865.54917	1557.44396	2788.75139	1518.49011
20210514_1	109	0	671.67965	1006.09890	560.60668	833.02198
20210514_1	109	1	778.54422	943.19780	690.42733	778.03297
20210514_1	110	0	328.50959	112.35165	246.18429	87.42857
20210514_1	110	1	225.60297	113.93407	142.48609	58.15385
20210514_1	111	0	818.74257	1725.36634	803.24752	1515.06931
20210514_1	111	1	938.44554	1689.42574	925.01980	1484.91089
20210514_1	112	0	2775.77737	1388.22418	2697.90909	1378.15824
20210514_1	112	1	2861.18738	1396.66154	2784.37106	1385.60000
20210514_1	113	0	2733.54545	1544.95385	2646.37291	1540.43516
20210514_1	113	1	2810.36920	1536.64615	2729.01484	1532.48352
20210514_1	114	0	198.68893	844.62637	55.01546	703.45055
20210514_1	114	1	335.63389	795.96703	213.33333	669.82418
20210514_1	115	0	2854.40074	1506.16923	2769.76252	1496.29011
20210514_1	115	1	2916.61967	1532.04176	2831.15028	1532.01319
20210514_1	116	0	377.53465	1742.92079	347.00990	1573.08911
20210514_1	116	1	472.88119	1721.83168	443.47525	1547.51485
20210514_1	117	0	3243.92022	1478.56923	3166.01299	1462.10769
20210514_1	117	1	3333.94434	1469.44396	3249.46939	1443.70110
20210514_1	118	0	604.51701	873.02198	495.54793	732.06593
20210514_1	118	1	752.94001	866.29670	656.24057	733.25275
20210514_1	119	0	2399.85900	1566.12308	2318.62523	1518.14286
20210514_1	119	1	2474.40260	1551.37802	2390.33024	1505.07473
20210514_1	120	0	3333.78664	1604.58462	3261.73655	1577.83956
20210514_1	120	1	3408.82931	1602.09231	3340.46011	1569.53187
20210514_1	121	0	304.35065	458.27473	214.12492	522.94505
20210514_1	121	1	383.90538	456.69231	295.26283	519.38462
20210514_1	122	0	1012.92079	1648.53465	1000.37624	1451.97030
20210514_1	122	1	1123.41584	1658.33663	1114.73267	1452.86139
20210514_1	123	0	47.16512	1764.42637	4.03711	1582.02418
20210514_1	123	1	125.17625	1762.88352	93.25603	1593.42637
20210514_1	124	0	326.92079	1973.34653	264.24752	1734.06931
20210514_1	124	1	447.51485	1938.00000	395.26733	1700.79208
20210514_1	125	0	697.30674	445.35165	622.47681	608.57143
20210514_1	125	1	817.23253	426.75824	750.34879	586.15385
20210514_1	126	0	1262.41187	214.82418	1178.39456	347.95604
20210514_1	126	1	1405.68955	174.86813	1319.15770	298.13187
20210514_1	127	0	2590.76623	1535.69890	2508.24861	1537.96923
20210514_1	127	1	2648.23562	1546.14286	2557.76252	1547.10769
20210514_1	128	0	2271.23438	979.06593	2108.96475	721.93407
20210514_1	128	1	2184.15955	981.83516	2006.45393	717.18681
20210514_1	129	0	2984.68151	1772.20879	2908.55906	1744.98901
20210514_1	129	1	3129.93816	1696.25275	3050.54607	1666.63736
20210514_1	130	0	2169.12121	387.80220	2133.80952	417.13187
20210514_1	130	1	2319.52319	345.86813	2289.35683	380.73626
20210514_1	131	0	3631.02041	316.20879	3605.68955	415.18681
20210514_1	131	1	3748.17563	332.42857	3723.24057	423.89011
20210514_1	132	0	2474.05257	329.01099	2437.26098	409.75824
20210514_1	132	1	2572.20965	314.37363	2546.10451	389.58242
20210514_1	133	0	2538.96289	380.43956	2501.77551	452.48352
20210514_1	133	1	2652.16017	321.09890	2618.53494	388.79121
20210514_1	134	0	2730.31231	241.52747	2699.55720	357.58242
20210514_1	134	1	2853.80025	232.82418	2822.25356	346.90110
20210514_1	135	0	2608.00866	186.72527	2582.51515	275.96703
20210514_1	135	1	2725.95547	236.17582	2699.27458	334.12088
20210514_1	136	0	2680.43908	277.71429	2656.28015	380.49451
20210514_1	136	1	2768.70130	300.65934	2733.46011	401.46154
20210514_1	137	0	353.82127	1299.06593	360.43847	1280.94505
20210514_1	137	1	474.14286	1275.72527	471.26098	1269.07692
20210514_1	138	0	2592.41373	1331.79121	2512.22449	1422.94505
20210514_1	138	1	2817.62090	1304.09890	2723.97464	1410.68132
20210514_1	139	0	1854.17130	668.58242	1825.84230	737.64835
20210514_1	139	1	1661.41929	650.38462	1632.69450	756.63736
20210514_1	140	0	2151.59555	406.72527	2093.27273	504.64835
20210514_1	140	1	1999.61039	448.65934	1939.30860	529.96703
20210514_1	141	0	1889.81942	552.51648	1841.63203	663.61538
20210514_1	141	1	1761.58194	540.64835	1716.95671	681.02198
20210514_1	142	0	1551.50959	529.25275	1503.61657	734.86813
20210514_1	143	0	1710.90353	538.00000	1664.82313	695.41758
20210514_1	143	1	1577.12492	551.45055	1536.58565	726.27473
20210514_1	144	0	1101.17687	1731.03297	1094.47310	1706.23077
20210514_1	144	1	923.06926	1706.90110	909.63698	1686.45055
20210514_1	145	0	573.92084	1481.87912	573.63203	1496.05495
20210514_1	145	1	422.33148	1481.08791	412.54360	1483.79121
20210514_1	146	0	1869.76005	559.24176	1823.81942	694.08791
20210514_1	146	1	1754.58380	554.49451	1710.62214	700.02198
20210514_1	147	0	1531.83859	523.20879	1482.90353	734.43956
20210514_1	147	1	1393.70625	520.43956	1346.75015	746.30769
20210514_1	148	0	2418.77551	2034.19780	2284.17687	1820.76923
20210514_2	0	0	2895.46468	865.90308	2943.04833	616.12335
20210514_2	1	0	3045.28713	1065.98020	3010.06931	955.49505
20210514_2	1	1	3084.79208	1055.28713	3061.45545	949.55446
20210514_2	2	0	3754.45545	1347.46535	3646.33663	1478.20792
20210514_2	3	0	3755.64356	1414.17822	3653.76238	1536.99010
20210514_2	4	0	3050.08911	2015.48515	2964.44554	2007.25743
20210514_2	5	0	3095.83168	2010.13861	3010.18812	2008.74257
20210514_2	6	0	2109.28713	1628.29703	1999.10891	1682.77228
20210514_2	6	1	2364.43564	1560.87129	2266.29703	1636.41584
20210514_2	7	0	2617.36634	1537.22772	2520.74257	1612.03960
20210514_2	7	1	2891.60396	1481.29703	2801.69307	1558.02970
20210514_2	8	0	957.22772	1196.98020	948.88119	1207.88119
20210514_2	8	1	1302.46535	1227.90099	1288.70297	1237.76238
20210514_2	9	0	3230.89109	1432.92079	3133.36634	1550.27723
20210514_2	9	1	3452.17822	1413.61386	3365.39604	1520.92079
20210514_2	10	0	2911.72277	1467.69307	2821.83168	1561.29703
20210514_2	10	1	3165.08911	1418.68317	3076.38614	1513.47525
20210514_2	11	0	2971.83168	1364.75248	2881.95050	1446.72277
20210514_2	11	1	3251.10891	1307.60396	3154.76238	1395.04950
20210514_2	12	0	2667.54455	693.48515	2613.18812	792.93069
20210514_2	12	1	2370.51485	701.80198	2301.48515	789.36634
20210514_2	13	0	1530.13861	679.26733	1506.18812	801.44554
20210514_2	13	1	1823.13861	717.31683	1792.51485	813.79208
20210514_2	14	0	1426.95050	530.27723	1387.72277	641.58416
20210514_2	15	0	1287.92079	634.45545	1261.78218	772.27723
20210514_2	16	0	1675.24752	653.46535	1649.10891	746.13861
20210514_2	17	0	1379.58416	1299.27723	1369.56436	1349.42574
20210514_2	17	1	1625.24752	1190.10891	1603.75248	1228.82178
20210514_2	18	0	23.16832	1401.82178	18.11881	1489.06931
20210514_2	19	0	3010.27723	53.76238	2967.29703	180.69307
20210514_2	19	1	2887.00990	26.43564	2837.19802	154.85149
20210514_2	20	0	3019.24752	247.94059	2988.99010	402.62376
20210514_2	20	1	3184.39604	247.34653	3155.02970	401.13861
20210514_2	21	0	2243.31683	909.52475	2114.18812	685.48515
20210514_2	21	1	2217.77228	965.96040	2072.90099	727.36634
20210514_2	22	0	2809.17822	1869.60396	2714.65347	1823.55446
20210514_2	22	1	2862.34653	1899.60396	2765.74257	1855.63366
20210514_2	23	0	339.80198	1478.01980	323.16832	1556.43564
20210514_2	24	0	1514.47525	166.68317	1403.45545	275.88119
20210514_2	24	1	1361.80198	230.84158	1284.14851	346.03960
20210514_2	25	0	1498.17822	302.13861	1401.33663	414.10891
20210514_2	25	1	1363.32673	347.58416	1271.00000	472.38614
20210514_2	26	0	2834.63366	178.39604	2796.39604	291.22772
20210514_2	26	1	2560.19802	186.25743	2528.33663	292.00990
20210514_2	27	0	2814.63366	1807.99010	2719.04950	1634.08911
20210514_2	27	1	3098.89109	1720.83168	3012.54455	1577.38614
20210514_2	28	0	249.26733	1447.51485	256.66337	1312.98020
20210514_2	28	1	543.02970	1387.51485	544.13861	1264.59406
20210514_2	29	0	2594.62376	2058.41584	2481.81188	1911.48515
20210514_2	29	1	2627.59406	2078.31683	2513.89109	1930.49505
20210514_2	30	0	1271.59406	446.44554	1203.76238	593.52475
20210514_2	30	1	1139.11881	449.41584	1069.50495	602.43564
20210514_2	31	0	2492.67327	598.81188	2428.51485	605.94059
20210514_2	32	0	985.75248	551.61386	920.97030	653.97030
20210514_2	33	0	1145.31683	893.56436	1090.74257	767.63366
20210514_2	33	1	1230.56436	887.02970	1184.00990	739.41584
20210514_2	34	0	978.15842	798.68317	913.66337	748.49505
20210514_2	34	1	916.97030	801.65347	841.18812	754.13861
20210514_2	35	0	1043.36634	904.81188	990.92079	798.21782
20210514_2	35	1	1088.81188	878.67327	1039.93069	769.10891
20210514_2	36	0	2136.05941	667.86139	2037.38614	477.78218
20210514_2	36	1	2079.62376	671.72277	1977.08911	477.78218
20210514_2	37	0	3185.75248	545.93069	3150.89109	615.44554
20210514_2	38	0	773.21782	1054.11881	693.28713	928.36634
20210514_2	39	0	3690.29703	1915.24752	3633.26733	1794.05941
