OpCode	ImagePtPair	Index	Lx	Ly	Rx	Ry
npz6.10	0	0	1262.81074	358.40178	380.16240	350.01110
npz6.10	1	0	643.21810	495.95531	382.55185	501.98883
npz6.10	1	1	237.73727	384.93855	0.00000	448.89385
npz6.10	2	0	1071.62791	722.81564	773.55123	680.58101
npz6.10	2	1	831.47706	494.74860	487.54243	488.71508
npz6.10	3	0	797.68699	771.08380	465.82024	767.46369
npz6.10	3	1	381.34507	752.98324	95.33627	778.32402
npz6.10	4	0	862.85355	792.80447	599.77373	765.05028
npz6.10	4	1	540.64111	730.05587	277.56128	739.70950
npz6.10	5	0	535.81395	608.17877	392.20616	620.24581
npz6.10	5	1	133.95349	527.32961	15.68825	593.69832
npz6.10	6	0	400.65368	687.82123	375.31113	701.09497
npz6.10	6	1	56.71904	651.62011	78.44123	703.50838
npz6.10	7	0	1242.99183	574.39106	1133.17410	489.92179
npz6.10	7	1	948.53551	532.15642	821.82275	489.92179
npz6.10	8	0	1340.74167	451.30726	1025.76996	371.66480
npz6.10	8	1	1909.13891	543.01676	1548.30924	390.97207
npz6.10	9	0	1578.47894	699.88827	1539.86172	576.80447
npz6.10	9	1	1288.84978	676.96089	1246.61219	581.63128
npz6.10	10	0	639.59774	491.12849	594.94657	470.61453
npz6.10	10	1	384.96543	452.51397	363.24324	469.40782
npz6.10	11	0	506.85104	553.87709	572.01760	543.01676
npz6.10	11	1	273.94092	553.87709	349.96857	574.39106
npz6.13	0	0	1291.74684	369.31384	650.12658	371.74353
npz6.13	1	0	1888.62351	380.11173	1440.90509	375.28492
npz6.13	1	1	1207.99497	575.59777	883.36895	581.63128
npz6.13	2	0	1596.58077	593.69832	1409.52860	599.73184
npz6.13	2	1	1192.30673	610.59218	1005.25456	611.79888
npz6.13	3	0	556.32935	354.77095	445.30484	358.39106
npz6.13	3	1	232.91012	218.41341	119.47203	240.13408
npz6.13	4	0	1520.55311	580.42458	1352.80955	584.04469
npz6.13	4	1	1185.06600	631.10615	989.56631	631.10615
npz6.14	0	0	1587.13568	213.34821	407.63819	186.83036
npz6.14	1	0	814.58202	200.31285	801.30735	194.27933
npz6.14	1	1	469.44060	154.45810	465.82024	135.15084
npz6.14	2	0	388.58580	312.53631	397.03331	281.16201
npz6.14	2	1	76.02766	288.40223	94.12948	234.10056
npz6.14	3	0	158.08925	491.12849	1.20679	411.48603
npz6.14	3	1	502.02388	430.79330	368.07040	382.52514
npz6.14	4	0	1043.87178	650.41341	751.82904	644.37989
npz6.14	4	1	1411.94217	376.49162	1145.24199	401.83240
npz6.14	5	0	1917.58642	365.63128	1583.30610	433.20670
npz6.14	5	1	1273.16153	468.20112	1064.38718	481.47486
npz6.14	6	0	1839.14519	276.33520	1745.01571	343.91061
npz6.14	6	1	1467.45443	499.57542	1345.56882	541.81006
npz6.14	7	0	1390.21999	276.33520	1346.77561	306.50279
npz6.14	7	1	1257.47329	127.91061	1217.64928	142.39106
npz6.14	8	0	872.50786	21.72067	955.77624	25.34078
npz6.14	8	1	592.53300	12.06704	687.86926	13.27374
npz6.14	9	0	363.24324	343.91061	540.64111	313.74302
npz6.14	9	1	126.71276	292.02235	345.14142	261.85475
npz6.14	10	0	1827.07731	465.78771	1782.42615	549.05028
npz6.15	0	0	1315.08507	371.28779	563.78072	372.49720
npz6.15	1	0	1228.45545	323.12871	1200.61386	307.41584
npz6.15	1	1	1250.04950	853.12871	1124.34653	852.36634
npz6.17	0	0	1559.47070	915.52072	390.77505	905.84546
npz6.17	1	0	1242.99183	985.87709	932.84727	962.94972
npz6.17	1	1	616.66876	830.21229	292.04274	820.55866
npz6.17	2	0	1306.95160	682.99441	1181.44563	650.41341
npz6.17	2	1	990.77310	528.53631	835.09742	516.46927
npz6.17	3	0	1297.29730	567.15084	1105.41798	543.01676
npz6.17	3	1	1648.47266	423.55307	1437.28473	369.25140
npz6.17	4	0	626.32307	563.53073	459.78630	573.18436
npz6.17	4	1	1203.16782	514.05587	1043.87178	489.92179
npz6.18	0	0	1169.90548	383.38186	854.13989	380.96305
npz6.18	1	0	1367.18812	753.85149	1237.08911	751.91089
npz6.18	1	1	1865.94059	675.36634	1794.95050	639.24752
npz6.18	2	0	1442.07921	732.30693	1365.52475	724.76238
npz6.18	2	1	1888.51485	710.23762	1867.42574	682.85149
npz6.18	3	0	1215.76238	742.43564	1063.33663	744.82178
npz6.18	3	1	1648.28713	726.18812	1534.97030	700.33663
npz6.18	4	0	845.39604	647.92079	720.97030	658.94059
npz6.18	4	1	1245.52475	622.62376	1163.15842	630.71287
npz6.18	5	0	1163.87129	424.31683	1103.91089	420.08911
npz6.18	5	1	1596.00990	428.75248	1554.44554	395.87129
npz6.18	6	0	1236.01980	557.62376	1157.82178	553.73267
npz6.18	6	1	1648.13861	566.29703	1622.99010	540.99010
npz6.18	7	0	640.78218	800.61386	464.23762	818.50495
npz6.18	7	1	1045.74257	670.76238	926.78218	681.06931
npz6.18	8	0	1501.17822	664.31683	1508.73267	648.45545
npz6.18	8	1	1835.04950	672.03960	1903.96040	637.49505
npz6.18	9	0	1171.59406	715.04950	1062.99010	717.50495
npz6.18	9	1	1491.03960	670.66337	1455.35644	662.00990
npz6.2	0	0	1087.27273	438.78788	814.54545	432.72727
npz6.2	1	0	95.27638	495.40179	3.61809	518.30357
npz6.2	1	1	336.48241	588.21429	277.38693	603.88393
npz6.2	2	0	943.11558	304.95536	943.11558	308.57143
npz6.2	2	1	1198.79397	355.58036	1236.18090	344.73214
npz6.2	3	0	425.72864	740.08929	323.21608	740.08929
npz6.2	3	1	133.86935	720.80357	36.18090	722.00893
npz6.2	4	0	472.76382	735.26786	372.66332	742.50000
npz6.2	4	1	156.78392	705.13393	75.97990	709.95536
npz6.20	0	0	1008.54614	533.93258	654.15929	526.65169
npz6.20	1	0	1135.58768	1048.62570	768.72407	1073.96648
npz6.20	1	1	1916.37964	830.21229	1531.41420	854.34637
npz6.20	2	0	1894.65745	244.96089	1682.26273	225.65363
npz6.20	2	1	1305.74481	287.19553	1189.89315	283.57542
npz6.20	3	0	1216.44249	562.32402	1235.75110	568.35754
npz6.20	4	0	1452.97297	590.07821	1490.38341	593.69832
npz6.20	5	0	1817.42300	205.13966	1800.52797	168.93855
npz6.20	6	0	1738.98177	393.38547	1729.32747	334.25698
npz6.20	7	0	1821.04337	492.33520	1823.45695	494.74860
npz6.20	8	0	1229.71716	1026.90503	868.88749	1038.97207
npz6.20	8	1	1758.29038	855.55307	1471.07480	864.00000
npz6.20	9	0	1018.52923	1026.90503	728.90006	1036.55866
npz6.20	9	1	1398.66750	666.10056	1128.34695	670.92737
npz6.20	10	0	1218.85607	666.10056	931.64048	669.72067
npz6.20	10	1	1618.30295	446.48045	1290.05657	436.82682
npz6.20	11	0	710.79824	638.34637	417.54871	644.37989
npz6.20	11	1	363.24324	660.06704	1.20679	664.89385
npz6.20	12	0	1051.11251	895.37430	690.28284	900.20112
npz6.20	12	1	634.77058	836.24581	219.63545	830.21229
npz6.20	13	0	727.69327	765.05028	594.94657	762.63687
npz6.20	13	1	413.92835	749.36313	301.69705	746.94972
npz6.20	14	0	638.39095	1052.24581	100.16342	1008.80447
npz6.20	15	0	1582.09931	693.85475	1549.51603	705.92179
npz6.20	16	0	498.40352	755.39665	354.79573	755.39665
npz6.20	16	1	756.65619	752.98324	614.25519	755.39665
npz6.20	17	0	475.47454	1028.11173	28.96292	1016.04469
npz6.20	17	1	727.69327	896.58101	376.51791	892.96089
npz6.20	18	0	865.26713	550.25698	909.91829	558.70391
npz6.20	18	1	662.52671	516.46927	721.65933	526.12291
npz6.20	19	0	958.18982	771.08380	622.70270	775.91061
npz6.20	19	1	585.29227	289.60894	229.28975	307.70950
npz6.20	20	0	1042.66499	705.92179	749.41546	715.57542
npz6.20	20	1	1531.41420	546.63687	1314.19233	545.43017
npz6.21	0	0	1191.00952	344.96614	703.39048	355.93679
npz6.21	1	0	1744.15842	562.54455	1441.59406	525.67327
npz6.21	1	1	410.63366	344.57426	165.14851	380.25743
npz6.21	2	0	966.63734	658.86034	685.45569	682.99441
npz6.21	2	1	558.74293	226.86034	270.32055	296.84916
npz6.21	3	0	1024.56317	686.61453	763.89692	697.47486
npz6.21	3	1	709.59145	76.02235	346.34821	133.94413
npz6.21	4	0	921.98617	715.57542	656.49277	728.84916
npz6.21	4	1	395.82652	489.92179	143.60779	541.81006
npz6.21	5	0	955.77624	626.27933	732.52043	643.17318
npz6.21	5	1	488.74921	307.70950	243.77121	366.83799
npz6.21	6	0	1070.42112	600.93855	791.65305	613.00559
npz6.21	6	1	1596.58077	285.98883	1317.81270	242.54749
npz6.21	7	0	1001.63419	634.72626	750.62225	644.37989
npz6.21	7	1	763.89692	270.30168	404.27404	319.77654
npz6.21	8	0	901.47077	611.79888	591.32621	631.10615
npz6.21	8	1	445.30484	448.89385	12.06788	509.22905
npz6.21	9	0	1425.21684	267.88827	1136.79447	259.44134
npz6.21	9	1	995.60025	223.24022	695.10999	243.75419
npz6.21	10	0	642.01131	63.95531	374.10434	126.70391
npz6.21	11	0	1800.59406	71.58416	1725.74257	0.59406
npz6.21	11	1	1332.24752	146.76238	1233.63366	132.78218
npz6.21	12	0	1351.60277	508.02235	895.43683	508.02235
npz6.21	12	1	726.48649	334.25698	242.56442	387.35196
npz6.21	13	0	1384.18605	454.92737	1432.45757	433.20670
npz6.21	13	1	1561.58391	452.51397	1613.47580	429.58659
npz6.21	14	0	813.37524	512.84916	545.46826	538.18994
npz6.21	14	1	302.90383	279.95531	44.65116	340.29050
npz6.21	15	0	1788.46009	500.78212	1783.63294	453.72067
npz6.21	15	1	1551.92960	407.86592	1514.51917	374.07821
npz6.22	0	0	1814.40000	843.60000	312.00000	822.00000
npz6.22	1	0	1758.41584	485.94059	1706.13861	379.00990
npz6.22	2	0	1554.05941	320.79208	275.64356	310.09901
npz6.22	3	0	798.41584	78.41584	804.35644	58.21782
npz6.22	4	0	1017.02970	321.98020	807.92079	294.65347
npz6.24	0	0	1542.17822	212.67327	13.06931	289.90099
npz6.24	1	0	1349.54774	443.57143	1184.32161	371.25000
npz6.24	1	1	1412.26131	438.75000	1251.85930	359.19643
npz6.24	2	0	19.29648	273.61607	125.42714	376.07143
npz6.24	2	1	335.27638	292.90179	407.63819	354.37500
npz6.24	3	0	953.96985	679.82143	818.89447	658.12500
npz6.24	3	1	1538.89447	553.25893	1435.17588	453.21429
npz6.24	4	0	98.89447	730.44643	19.29648	783.48214
npz6.24	4	1	899.69849	507.45536	735.67839	497.81250
npz6.24	5	0	79.59799	447.18750	256.88442	515.89286
npz6.24	5	1	268.94472	520.71429	416.08040	558.08036
npz6.24	6	0	1144.52261	759.37500	897.28643	732.85714
npz6.24	6	1	1631.75879	549.64286	1343.51759	454.41964
npz6.24	7	0	405.22613	696.69643	92.86432	747.32143
npz6.24	7	1	960.00000	797.94643	705.52764	778.66071
npz6.24	8	0	41.00503	621.96429	273.76884	668.97321
npz6.24	8	1	192.96482	623.16964	389.54774	661.74107
npz6.24	9	0	1243.41709	717.18750	1017.88945	664.15179
npz6.24	9	1	1642.61307	424.28571	1394.17085	317.00893
npz6.24	10	0	1111.95980	547.23214	1015.47739	505.04464
npz6.24	10	1	1401.40704	552.05357	1306.13065	467.67857
npz6.24	11	0	618.69347	361.60714	635.57789	376.07143
npz6.24	11	1	835.77889	391.74107	850.25126	372.45536
npz6.24	12	0	424.52261	685.84821	32.56281	737.67857
npz6.24	12	1	499.29648	720.80357	118.19095	766.60714
npz6.26	0	0	1059.81096	419.66405	855.34972	429.33931
npz6.26	1	0	1158.49624	282.62806	992.48120	289.84410
npz6.26	1	1	802.40602	233.31849	660.45113	244.14254
npz6.26	2	0	1133.23308	560.44543	767.51880	572.47216
npz6.26	2	1	1691.42857	502.71715	1251.12782	521.95991
npz6.26	3	0	1307.20792	350.97030	1296.08911	342.19802
npz6.26	3	1	1563.16832	262.80198	1530.51485	254.37624
npz6.26	4	0	346.46617	37.28285	476.39098	60.13363
npz6.26	4	1	108.27068	28.86414	291.12782	66.14699
npz6.26	5	0	257.44361	327.12695	289.92481	335.54566
npz6.26	5	1	24.06015	392.07127	105.86466	402.89532
npz6.26	6	0	1186.80198	263.25743	1264.26733	248.08911
npz6.26	6	1	1360.86139	163.45545	1434.00000	140.52475
npz6.26	7	0	943.29703	285.32673	1016.26733	276.50495
npz6.26	8	0	356.09023	305.47884	504.06015	304.27617
npz6.26	8	1	151.57895	318.70824	334.43609	323.51893
npz6.26	9	0	39.69925	99.82183	235.78947	132.29399
npz6.26	9	1	265.86466	50.51225	423.45865	73.36303
npz6.26	10	0	375.33835	72.16036	571.42857	85.38976
npz6.26	10	1	210.52632	102.22717	430.67669	120.26726
npz6.26	11	0	1904.36090	113.05122	1660.15038	98.61915
npz6.26	11	1	1133.23308	210.46771	886.61654	206.85969
npz6.26	12	0	590.67669	381.24722	725.41353	377.63920
npz6.26	12	1	429.47368	402.89532	577.44361	395.67929
npz6.26	13	0	507.66917	490.69042	685.71429	465.43430
npz6.26	14	0	813.23308	490.69042	793.98496	484.67706
npz6.26	14	1	1089.92481	381.24722	1079.09774	374.03118
npz6.26	15	0	1160.90226	757.68374	904.66165	776.92650
npz6.26	15	1	1573.53383	722.80624	1302.85714	760.08909
npz6.26	16	0	1498.94737	481.06904	908.27068	503.91982
npz6.26	16	1	612.33083	506.32517	139.54887	514.74388
npz6.26	17	0	909.47368	692.73942	494.43609	715.59020
npz6.26	17	1	419.84962	508.73051	61.35338	530.37862
npz6.26	18	0	280.30075	791.35857	2.40602	776.92650
npz6.26	18	1	676.09023	732.42762	413.83459	714.38753
npz6.26	19	0	886.61654	917.63920	269.47368	938.08463
npz6.26	19	1	1364.21053	911.62584	834.88722	954.92205
npz6.26	20	0	625.56391	422.13808	599.09774	419.73274
npz6.26	20	1	378.94737	426.94878	382.55639	428.15145
npz6.26	21	0	159.20792	357.62376	395.64356	358.81188
npz6.27	0	0	1080.52467	332.03108	838.27608	326.03774
npz6.27	1	0	960.00000	768.50780	807.21805	760.08909
npz6.27	1	1	449.92481	672.29399	370.52632	653.05122
npz6.27	2	0	798.79699	360.80178	578.64662	359.59911
npz6.27	2	1	424.66165	457.01559	190.07519	465.43430
npz6.27	3	0	1812.93233	451.00223	1646.91729	410.11136
npz6.27	3	1	1337.74436	422.13808	1118.79699	406.50334
npz6.27	4	0	1121.20301	642.22717	973.23308	633.80846
npz6.27	4	1	1458.04511	414.92205	1267.96992	382.44989
npz6.27	5	0	1917.59398	478.66370	1636.09023	438.97550
npz6.27	5	1	1497.74436	494.29844	1282.40602	467.83964
npz6.27	6	0	1021.35338	401.69265	874.58647	392.07127
npz6.27	6	1	637.59398	497.90646	519.69925	494.29844
npz6.27	7	0	264.66165	730.02227	117.89474	622.98441
npz6.27	8	0	1139.24812	630.20045	1065.86466	622.98441
npz6.27	9	0	1618.04511	560.44543	1735.93985	577.28285
npz6.27	10	0	802.40602	578.48552	613.53383	582.09354
npz6.27	10	1	1729.92481	322.31626	1363.00752	280.22272
npz6.27	11	0	455.93985	595.32294	463.15789	585.70156
npz6.27	11	1	937.14286	346.36971	869.77444	340.35635
npz6.27	12	0	1094.73684	707.17149	984.06015	698.75278
npz6.27	12	1	1809.32331	585.70156	1669.77444	576.08018
npz6.27	13	0	287.51880	512.33853	324.81203	513.54120
npz6.27	13	1	564.21053	426.94878	595.48872	432.96214
npz6.27	14	0	1075.48872	609.75501	1130.82707	604.94432
npz6.27	14	1	1714.28571	572.47216	1784.06015	553.22940
npz6.28	0	0	1160.76046	476.75676	715.43726	448.78378
npz6.28	1	0	1666.37624	318.02970	1417.98020	243.62376
npz6.28	1	1	880.50495	336.62376	658.90099	336.00990
npz6.36	0	0	1072.12992	582.55272	892.24235	534.60599
npz6.36	1	0	780.75188	533.98664	590.67669	512.33853
npz6.36	1	1	636.39098	368.01782	398.19549	382.44989
npz6.36	2	0	1002.10526	638.61915	666.46617	608.55234
npz6.36	2	1	747.06767	197.23831	347.66917	241.73719
npz6.36	3	0	1913.98496	816.61470	1317.29323	705.96882
npz6.36	3	1	1046.61654	392.07127	635.18797	368.01782
npz6.36	4	0	1810.69307	651.08911	1210.69307	538.21782
npz6.36	5	0	987.66917	802.18263	697.74436	763.69710
npz6.36	5	1	523.30827	342.76169	70.97744	394.47661
npz6.36	6	0	1223.45865	357.19376	1121.20301	268.19599
npz6.36	6	1	1484.51128	404.09800	1391.87970	283.83073
npz6.36	7	0	866.16541	168.37416	806.01504	141.91537
npz6.36	8	0	1710.67669	736.03563	1658.94737	595.32294
npz6.36	8	1	1361.80451	496.70379	1236.69173	388.46325
npz6.36	9	0	1587.96992	822.62806	1069.47368	733.63029
npz6.36	9	1	1308.87218	273.00668	501.65414	246.54788
npz6.36	10	0	389.77444	343.96437	161.20301	146.72606
npz6.36	11	0	1255.93985	986.19154	933.53383	944.09800
npz6.36	12	0	679.69925	792.56125	187.66917	819.02004
npz6.36	13	0	1235.48872	671.09131	1071.87970	595.32294
npz6.36	13	1	1112.78195	412.51670	920.30075	362.00445
npz6.36	14	0	946.76692	471.44766	650.82707	446.19154
npz6.36	14	1	686.91729	103.42984	393.38346	107.03786
npz6.36	15	0	1077.89474	745.65702	637.59398	709.57684
npz6.36	15	1	601.50376	191.22494	56.54135	256.16927
npz6.36	16	0	772.33083	440.17817	513.68421	443.78619
npz6.36	16	1	585.86466	125.07795	301.95489	174.38753
npz6.36	17	0	1287.21805	810.60134	996.09023	744.45434
npz6.36	17	1	1668.57143	965.74610	1361.80451	871.93764
npz6.36	18	0	1092.33083	512.33853	887.81955	465.43430
npz6.36	18	1	991.27820	269.39866	715.78947	251.35857
npz6.36	19	0	994.88722	815.41203	754.28571	778.12918
npz6.36	19	1	700.15038	537.59465	451.12782	546.01336
npz6.4	0	0	1183.71319	355.08532	812.49680	364.91468
npz6.4	1	0	719.09661	995.71906	128.88331	930.70234
npz6.4	1	1	593.82685	975.25084	3.61355	895.78595
npz6.4	2	0	497.46550	799.46488	403.51317	757.32441
npz6.4	2	1	430.01255	791.03679	350.51443	741.67224
npz6.4	3	0	601.05395	835.58528	445.67127	793.44482
npz6.4	3	1	333.65119	900.60201	185.49561	834.38127
npz6.4	4	0	316.78795	806.68896	244.51694	730.83612
npz6.4	5	0	230.06274	805.48495	208.38143	732.04013
npz6.4	6	0	460.12547	711.57191	96.36136	635.71906
npz6.4	6	1	654.05270	646.55518	330.03764	612.84281
npz6.4	7	0	327.62861	451.50502	201.15433	399.73244
npz6.4	7	1	108.40652	487.62542	1.20452	416.58863
npz6.4	8	0	311.96989	620.06689	220.42660	563.47826
npz6.4	8	1	211.99498	667.02341	103.58846	594.78261
npz6.4	9	0	339.67378	587.55853	218.01757	530.96990
npz6.4	9	1	286.67503	471.97324	210.79046	421.40468
npz6.4	10	0	774.50439	717.59197	526.37390	697.12375
npz6.4	10	1	545.64617	667.02341	292.69762	623.67893
npz6.4	11	0	293.90213	534.58194	228.85822	485.21739
npz6.4	11	1	221.63112	515.31773	138.51945	461.13712
npz6.4	12	0	462.53450	378.06020	379.42284	346.75585
npz6.4	12	1	311.96989	394.91639	236.08532	360.00000
npz6.4	13	0	1072.16080	315.80357	923.81910	335.08929
npz6.4	13	1	1556.98492	307.36607	1450.85427	364.01786
npz6.4	14	0	6.02258	435.85284	114.42911	381.67224
npz6.4	14	1	242.10790	403.34448	327.62861	369.63211
npz6.4	15	0	987.73869	730.44643	739.29648	724.41964
npz6.4	15	1	715.17588	427.90179	600.60302	423.08036
npz6.4	16	0	104.92462	270.00000	20.50251	224.19643
npz6.4	16	1	528.24121	201.29464	447.43719	186.83036
npz6.4	17	0	167.63819	775.04464	98.89447	696.69643
npz6.4	18	0	375.07538	608.70536	396.78392	560.49107
npz6.4	19	0	220.70352	744.91071	149.54774	641.25000
npz6.4	20	0	751.35678	755.75893	490.85427	734.06250
npz6.4	20	1	183.31658	707.54464	65.12563	629.19643
npz6.4	21	0	1033.56784	685.84821	746.53266	691.87500
npz6.4	21	1	593.36683	415.84821	442.61307	385.71429
npz6.4	22	0	1406.23116	778.66071	1191.55779	847.36607
npz6.4	22	1	596.98492	676.20536	478.79397	644.86607
npz6.4	23	0	1503.11881	573.36634	1257.01980	638.73267
npz6.4	23	1	1116.60396	460.88119	924.65347	486.65347
npz6.4	24	0	885.50158	862.06278	540.26498	839.05830
npz6.4	24	1	513.61514	857.21973	205.93060	802.73543
npz6.4	25	0	926.68770	401.97309	558.43533	411.65919
npz6.4	25	1	416.70662	267.57848	7.26814	227.62332
npz6.4	26	0	684.41640	527.89238	455.47003	515.78475
npz6.4	27	0	1242.85174	520.62780	1097.48896	565.42601
npz6.4	27	1	967.87382	449.19283	857.64038	466.14350
npz6.4	28	0	325.85489	276.05381	170.80126	243.36323
npz6.4	28	1	719.54574	194.93274	488.17666	197.35426
npz6.4	29	0	445.77918	588.43049	281.03470	535.15695
npz6.4	29	1	96.90852	472.19731	6.05678	406.81614
npz6.4	30	0	519.20792	838.81188	197.22772	775.84158
npz6.4	31	0	988.46688	596.90583	692.89590	600.53812
npz6.4	31	1	581.45110	454.03587	312.52997	422.55605
npz6.4	32	0	413.07256	69.01345	43.60883	36.32287
npz6.4	32	1	1105.96845	251.83857	800.70662	268.78924
npz6.4	33	0	979.98738	777.30942	679.57098	785.78475
npz6.4	33	1	484.54259	627.17489	207.14196	573.90135
npz6.4	34	0	958.18297	836.63677	645.65300	831.79372
npz6.4	34	1	571.76025	846.32287	256.80757	794.26009
npz6.4	35	0	595.98738	363.22870	369.46372	336.59193
npz6.4	35	1	256.80757	119.86547	122.34700	99.28251
npz6.4	36	0	1367.62145	648.96861	1113.23659	698.60987
npz6.4	36	1	1016.32808	526.68161	804.34069	533.94619
npz6.4	37	0	1549.74257	625.41584	1389.72277	707.06931
npz6.4	37	1	1218.04950	614.54455	1078.22772	652.54455
npz6.4	38	0	1251.33123	702.24215	1096.27760	756.72646
npz6.4	39	0	1038.13249	722.82511	675.93691	734.93274
npz6.4	39	1	563.28076	431.03139	288.30284	385.02242
npz6.4	40	0	1233.16088	915.33632	849.16088	945.60538
npz6.4	40	1	623.84858	739.77578	340.39117	702.24215
npz6.4	41	0	1269.50158	146.50224	1482.70032	198.56502
npz6.4	42	0	1264.65615	286.95067	1449.99369	341.43498
npz6.4	43	0	82.37224	346.27803	129.61514	214.30493
npz6.4	44	0	141.72871	319.64126	377.94322	291.79372
npz6.4	45	0	506.34700	303.90135	713.48896	307.53363
npz6.4	46	0	480.90852	380.17937	690.47319	375.33632
npz6.5	0	0	1225.74181	472.19178	869.36416	486.98630
npz6.5	1	0	1584.45426	159.82063	1808.55521	106.54709
npz6.5	2	0	526.94006	434.66368	483.33123	437.08520
npz6.5	2	1	720.75710	320.85202	697.74132	325.69507
npz6.5	3	0	598.41009	477.04036	615.36909	479.46188
npz6.5	3	1	754.67508	416.50224	766.78864	414.08072
npz6.5	4	0	1027.23028	444.34978	789.80442	458.87892
npz6.5	4	1	1437.88013	403.18386	1279.19243	414.08072
npz6.5	5	0	942.43533	216.72646	961.81703	216.72646
npz6.5	5	1	657.76656	65.38117	678.35962	75.06726
npz6.5	6	0	824.93375	388.65471	667.45741	392.28700
npz6.5	6	1	449.41325	458.87892	191.39432	474.61883
npz6.5	7	0	1154.42271	265.15695	1138.67508	261.52466
npz6.5	7	1	1429.40063	207.04036	1414.86435	202.19731
npz6.5	8	0	1699.53312	124.70852	1591.72240	110.17937
npz6.5	8	1	1261.02208	112.60090	1128.98423	106.54709
npz6.6	0	0	1120.41451	505.82278	829.43005	488.42348
npz6.6	1	0	9.64824	401.38393	174.87437	452.00893
npz6.6	1	1	220.70352	378.48214	347.33668	414.64286
npz6.6	2	0	223.81188	496.17822	386.22772	519.48515
npz6.6	3	0	1162.90221	533.94619	1040.55521	516.99552
npz6.6	3	1	438.51104	460.08969	268.92114	487.93722
npz6.6	4	0	402.81407	660.53571	381.10553	670.17857
npz6.6	4	1	22.91457	437.54464	12.06030	472.50000
npz6.6	5	0	1108.39117	688.92377	976.35331	670.76233
npz6.6	5	1	639.59621	584.79821	467.58360	589.64126
npz6.6	6	0	323.21608	623.16964	440.20101	630.40179
npz6.6	6	1	185.72864	565.31250	332.86432	583.39286
npz6.6	7	0	759.79899	327.85714	530.65327	347.14286
npz6.6	7	1	268.94472	347.14286	0.00000	394.15179
npz6.6	8	0	598.19095	644.86607	637.98995	643.66071
npz6.6	8	1	446.23116	613.52679	475.17588	620.75893
npz6.6	9	0	744.12060	435.13393	519.79899	445.98214
npz6.6	9	1	389.54774	373.66071	119.39698	413.43750
npz6.6	10	0	1256.68342	447.18750	1139.69849	417.05357
npz6.6	10	1	882.81407	441.16071	759.79899	441.16071
npz6.6	11	0	1063.71859	513.48214	810.45226	496.60714
npz6.6	11	1	651.25628	485.75893	413.66834	497.81250
npz6.6	12	0	735.67839	693.08036	637.98995	691.87500
npz6.6	12	1	478.79397	644.86607	359.39698	656.91964
npz6.6	13	0	1365.22613	331.47321	1086.63317	288.08036
npz6.6	13	1	944.32161	321.83036	745.32663	320.62500
npz6.6	14	0	1079.39698	706.33929	853.86935	690.66964
npz6.6	14	1	1495.47739	426.69643	1219.29648	386.91964
npz6.6	15	0	488.44221	436.33929	447.43719	458.03571
npz6.6	15	1	101.30653	335.08929	102.51256	388.12500
npz6.8	0	0	1409.10891	282.77228	502.57426	229.30693
npz6.8	1	0	695.96958	1043.51351	677.71863	1053.24324
npz6.8	1	1	641.21673	360.00000	674.06844	391.62162
npz6.8	2	0	491.55894	117.97297	42.58555	1.21622
npz6.8	2	1	742.20532	856.21622	434.37262	726.08108
npz6.9	0	0	1175.36122	345.40541	413.68821	339.32432
npz6.9	1	0	716.38191	290.49107	546.33166	294.10714
npz6.9	1	1	201.40704	139.82143	75.97990	204.91071
npz6.9	2	0	753.26733	148.51485	605.94059	148.51485
npz6.9	3	0	54.65347	816.23762	81.98020	831.68317
npz6.9	4	0	1379.97030	891.58416	892.81188	847.61386
npz6.9	4	1	843.76238	791.34653	385.85149	778.04950
npz6.9	5	0	1595.57789	178.39286	1143.31658	94.01786
npz6.9	5	1	909.34673	97.63393	422.11055	96.42857
npz6.9	6	0	850.25126	858.21429	555.97990	826.87500
npz6.9	6	1	314.77387	812.41071	34.97487	813.61607
npz6.9	7	0	1070.49505	506.13861	835.24752	468.11881
npz6.9	8	0	1615.84158	645.14851	1425.74257	577.42574
npz6.9	9	0	765.82915	666.56250	465.52764	652.09821
npz6.9	9	1	329.24623	564.10714	121.80905	576.16071
npz6.9	10	0	914.17085	741.29464	705.52764	720.80357
npz6.9	11	0	416.08040	702.72321	359.39698	699.10714
npz6.9	12	0	277.38693	703.92857	153.16583	743.70536
npz6.9	13	0	581.58416	334.64356	471.94059	343.41584
npz6.9	13	1	237.63366	228.29703	181.18812	279.89109
npz6.9	14	0	1810.69307	622.57426	1603.96040	531.08911
npz6.9	15	0	1355.00990	468.16832	1062.37624	412.25743
npz6.9	15	1	907.96040	347.97030	662.65347	331.45545
npz6.9	16	0	860.05941	315.17822	660.77228	301.20792
npz6.9	16	1	416.02970	215.76238	235.00990	251.42574
npz6.9	17	0	745.32663	879.91071	516.18090	854.59821
npz6.9	17	1	214.67337	877.50000	22.91457	872.67857
npz6.9	18	0	1084.99010	740.36634	800.31683	700.72277
npz6.9	18	1	571.76238	750.34653	272.27723	746.59406
npz6.9	19	0	1019.09548	626.78571	752.56281	599.06250
npz6.9	19	1	656.08040	406.20536	370.25126	417.05357
npz6.9	20	0	1191.55779	444.77679	833.36683	421.87500
npz6.9	20	1	775.47739	337.50000	384.72362	338.70536
npz6.9	21	0	1051.65829	730.44643	741.70854	694.28571
npz6.9	21	1	580.10050	558.08036	205.02513	568.92857
npz6.9	22	0	1055.27638	336.29464	953.96985	279.64286
npz6.9	23	0	982.57426	111.68317	1070.49505	58.21782
npz6.BOSS41	0	0	1210.90909	621.81818	444.84848	561.21212
npz6.BOSS41	1	0	636.39098	327.12695	550.97744	341.55902
npz6.BOSS41	1	1	285.11278	298.26281	210.52632	331.93764
npz6.BOSS41	2	0	1254.73684	478.66370	1069.47368	464.23163
npz6.BOSS41	2	1	1577.14286	440.17817	1400.30075	396.88196
npz6.BOSS41	3	0	1028.57143	588.10690	772.33083	583.29621
npz6.BOSS41	3	1	1496.54135	327.12695	1212.63158	293.45212
npz6.BOSS41	4	0	119.09774	211.67038	54.13534	274.20935
npz6.BOSS41	4	1	573.83459	346.36971	531.72932	369.22049
npz6.BOSS41	5	0	1787.66917	389.66592	1913.98496	342.76169
npz6.BOSS41	5	1	1436.39098	322.31626	1531.42857	293.45212
npz6.BOSS41	6	0	607.51880	327.12695	709.77444	349.97773
npz6.BOSS41	6	1	251.42857	387.26058	386.16541	417.32739
npz6.C01	0	0	1174.54545	545.45455	695.75758	535.75758
npz6.C01	1	0	1888.93591	934.24779	1325.00311	924.69027
npz6.C01	1	1	764.65464	835.08850	359.62663	825.53097
npz6.C01	2	0	1542.17822	525.14851	1676.43564	506.13861
npz6.C01	3	0	1329.50495	453.86139	1426.93069	436.03960
npz6.C01	4	0	1258.09583	672.61062	1106.35968	664.24779
npz6.C01	4	1	494.63597	669.02655	307.05663	658.27434
npz6.C01	5	0	1041.80451	671.09131	689.32331	657.86192
npz6.C01	5	1	696.54135	595.32294	380.15038	586.90423
npz6.C01	6	0	984.06015	518.35189	824.06015	511.13586
npz6.C01	6	1	1273.98496	525.56793	1099.54887	513.54120
npz6.C01	7	0	1246.31579	535.18931	1063.45865	521.95991
npz6.C01	7	1	897.44361	526.77060	733.83459	520.75724
npz6.C02	0	0	1180.15038	626.59243	789.17293	648.24053
npz6.C02	1	0	790.66230	360.00000	250.54426	368.81119
npz9.1	0	0	1723.07692	629.79499	1810.46154	492.02733
npz9.1	1	0	975.72171	683.59780	676.57143	659.68791
npz9.1	1	1	608.12801	641.11648	360.06679	657.81758
npz9.1	2	0	624.26531	743.28571	560.20408	735.42637
npz9.1	2	1	323.98330	718.55385	258.61781	746.91868
npz9.1	3	0	926.65677	782.90989	652.08349	758.39121
npz9.1	3	1	461.28571	393.98681	156.71429	441.64396
npz9.1	4	0	935.28200	420.29890	783.73098	391.43516
npz9.1	4	1	598.76623	476.06593	448.26345	503.80659
npz9.1	5	0	1124.07050	637.94286	764.33024	600.04835
npz9.1	5	1	508.70686	631.70110	166.87755	670.67912
npz9.1	6	0	598.20408	646.70989	472.30056	655.27473
npz9.1	6	1	182.26345	674.20659	70.50093	728.28571
npz9.1	7	0	104.48980	359.60440	138.92393	441.49451
npz9.1	8	0	388.39703	707.81538	310.37662	726.97582
npz9.1	8	1	779.97959	663.33187	672.62894	640.98681
npz9.1	9	0	162.03896	621.33187	261.22449	665.80220
npz9.1	10	0	156.71243	814.90989	12.76438	855.88571
npz9.1	10	1	555.21892	704.58681	440.25974	708.38022
npz9.1	11	0	178.10761	783.29670	192.35622	811.78022
npz9.1	12	0	187.62709	114.92747	30.42672	224.45934
npz9.1	12	1	586.62709	255.40220	428.95733	295.36703
npz9.1	13	0	612.02597	811.78022	416.67347	803.13187
npz9.1	13	1	332.35622	695.98022	166.25603	733.49451
npz9.10	0	0	1283.31606	524.46490	930.15544	493.39471
npz9.10	1	0	1181.05204	545.82819	1177.51797	538.96476
npz9.10	1	1	1492.61090	596.37445	1492.07683	581.82819
npz9.10	2	0	881.39653	648.27753	520.89715	629.11454
npz9.10	2	1	1383.59480	581.62996	1083.95539	552.13656
npz9.10	3	0	1503.20818	609.74449	1599.29368	599.10573
npz9.10	3	1	1634.45973	617.47577	1738.67410	603.46696
npz9.10	4	0	1536.82156	614.50661	1630.71871	604.23789
npz9.10	4	1	1673.62454	598.05286	1781.99504	581.44053
npz9.10	5	0	1551.69145	569.11013	1611.28872	553.29075
npz9.10	5	1	1719.42379	564.55066	1803.22181	541.18943
npz9.10	6	0	1704.68401	503.12775	1834.34944	471.01322
npz9.10	7	0	1661.85874	569.73568	1816.50558	541.18943
npz9.10	8	0	1211.36059	1025.68282	797.18092	1001.89427
npz9.10	8	1	1708.30979	919.80617	1360.72119	891.65639
npz9.10	9	0	1235.40644	727.65198	1009.86121	715.37004
npz9.10	9	1	1685.51549	674.66960	1510.28377	654.06608
npz9.10	10	0	1465.47212	621.71806	1309.71375	596.38767
npz9.10	10	1	1098.86245	620.58590	944.31970	602.90308
npz9.10	11	0	1900.76828	784.01322	1528.59975	754.97357
npz9.10	11	1	1176.10533	533.74890	821.27633	514.97797
npz9.10	12	0	1177.13879	752.92070	905.05204	735.20705
npz9.10	12	1	1506.11029	605.34802	1331.84511	580.90308
npz9.10	13	0	486.82032	506.78414	111.42503	492.07489
npz9.10	13	1	1173.35192	555.46696	786.43866	535.06608
npz9.10	14	0	1325.56753	378.25991	1154.36059	351.66960
npz9.10	14	1	963.18216	410.89427	755.42255	394.59471
npz9.10	15	0	1123.50929	659.02643	1025.73234	651.37004
npz9.10	15	1	1461.55143	638.42291	1373.74969	619.28194
npz9.10	16	0	602.19207	430.38767	437.56877	441.70044
npz9.10	16	1	971.73234	442.54626	810.30979	438.79736
npz9.10	17	0	1145.37918	188.72687	977.43123	163.94273
npz9.10	17	1	1514.04213	207.08370	1349.03841	158.65639
npz9.10	18	0	513.53408	247.24229	305.29368	262.01322
npz9.10	18	1	892.57621	289.29515	691.20694	284.31278
npz9.10	19	0	190.33457	35.68282	54.72119	97.53304
npz9.10	20	0	1384.71499	122.70485	1174.34449	86.03524
npz9.10	20	1	1799.53160	104.90749	1589.76456	30.13216
npz9.10	21	0	948.86369	488.12775	836.89715	491.46696
npz9.10	21	1	1286.54027	429.78414	1155.25774	415.62555
npz9.10	22	0	1087.81784	318.49339	991.38910	306.28194
npz9.10	22	1	1386.76704	308.22467	1300.72491	275.87225
npz9.10	23	0	1291.74226	456.77533	1148.15613	435.73568
npz9.10	23	1	1613.89467	452.61233	1489.50682	420.62996
npz9.10	24	0	1521.24907	769.10132	1489.41140	763.30396
npz9.10	24	1	1833.55638	753.61233	1865.08055	739.17621
npz9.11	0	0	1535.75526	712.65306	491.93117	713.87755
npz9.11	1	0	1067.19703	707.37004	736.49938	709.63436
npz9.11	1	1	858.18092	764.18062	557.94919	764.44934
npz9.11	2	0	1065.68154	698.58590	737.81784	699.10132
npz9.11	2	1	932.52540	758.11894	617.60471	756.58590
npz9.11	3	0	335.73606	643.32599	197.64684	640.81057
npz9.11	3	1	738.73358	600.22467	606.69145	604.22907
npz9.11	4	0	1097.00743	686.29956	738.07807	687.99119
npz9.11	4	1	1510.20570	477.79295	1155.23172	472.40088
npz9.11	5	0	1279.18092	672.61233	1039.31970	677.37885
npz9.11	5	1	1753.38662	608.28194	1479.92689	617.88546
npz9.11	6	0	1120.30112	754.00881	736.48203	756.67401
npz9.11	6	1	655.45849	403.32159	312.73358	416.06167
npz9.11	7	0	702.72491	372.48899	384.33581	383.40969
npz9.11	7	1	1228.30855	404.13656	866.64436	403.65639
npz9.11	8	0	1214.15489	658.03524	860.99876	659.87225
npz9.11	8	1	1704.40273	597.49339	1391.31722	594.32599
npz9.11	9	0	1543.72986	597.36123	1143.60223	598.00441
npz9.11	9	1	988.86369	373.45815	594.26642	383.41410
npz9.11	10	0	1165.17844	229.65639	1099.56629	219.97357
npz9.11	10	1	883.77323	257.82819	821.75836	260.95154
npz9.12	0	0	1364.57594	677.52336	528.91519	652.28972
npz9.13	0	0	1151.24260	619.48598	669.03353	592.99065
npz9.13	1	0	224.45545	382.61386	400.63366	401.62376
npz9.13	1	1	565.90099	392.06931	694.96040	389.00000
npz9.13	2	0	744.15842	517.50495	888.97030	490.19802
npz9.13	3	0	976.49505	1009.10891	723.80198	964.28713
npz9.13	3	1	517.75248	1057.42574	215.04950	1011.08911
npz9.14	0	0	987.21685	258.61233	1130.87113	250.50220
npz9.14	0	1	1191.76580	262.65639	1348.36555	270.08811
npz9.14	1	0	1087.02602	410.35242	959.96530	399.66520
npz9.14	1	1	1495.04089	257.29956	1425.15366	271.71806
npz9.14	2	0	967.77571	286.77533	560.20818	253.63877
npz9.14	2	1	1566.35936	191.80617	1109.41884	194.78414
npz9.14	3	0	518.83147	163.83260	477.09418	128.87225
npz9.14	3	1	934.67906	222.80617	875.59356	203.10132
npz9.14	4	0	1509.44857	271.23348	1477.84511	292.93833
npz9.14	4	1	1813.92813	157.02643	1880.94176	190.32159
npz9.14	5	0	793.55266	158.03084	921.14746	145.07048
npz9.14	5	1	968.33581	91.01322	1091.15118	83.89427
npz9.14	6	0	1200.00000	466.19590	739.69231	448.97494
npz9.16	0	0	1320.71571	335.83039	514.03579	284.94700
npz9.16	1	0	949.05941	715.68317	902.57426	706.18812
npz9.16	2	0	1866.73267	629.00990	1779.60396	578.68317
npz9.16	2	1	1501.12871	608.38614	1379.88119	574.15842
npz9.16	3	0	1538.00000	501.34653	1589.91089	461.92079
npz9.16	3	1	1734.19802	514.91089	1813.06931	467.12871
npz9.16	4	0	331.00000	592.93069	412.85149	605.00000
npz9.16	5	0	1360.70297	367.63366	1455.60396	331.48515
npz9.16	5	1	1206.44554	381.29703	1288.64356	356.61386
npz9.16	6	0	1660.99010	327.92079	1864.15842	273.26733
npz9.16	7	0	1153.24752	592.35644	1028.12871	573.06931
npz9.16	7	1	1534.18812	571.40594	1409.29703	534.49505
npz9.17	0	0	1138.46154	525.23918	743.38462	521.54897
npz9.17	1	0	239.84158	778.31023	184.88119	682.34433
npz9.17	1	1	176.42574	796.71287	132.75248	693.71507
npz9.17	2	0	798.88119	666.20022	885.37624	646.84598
npz9.17	2	1	916.05941	675.17712	1003.44554	667.79208
npz9.17	3	0	1194.39604	879.49505	1084.71287	897.83168
npz9.17	3	1	1612.93069	836.43564	1532.37624	916.70297
npz9.17	4	0	1057.09901	926.80748	768.22772	903.39934
npz9.17	4	1	568.43564	826.86359	309.69307	754.61056
npz9.17	5	0	1235.14851	977.67327	1016.38614	991.87899
npz9.17	6	0	1077.14851	965.84708	891.59406	953.17822
npz9.17	6	1	1434.59406	947.68207	1212.00000	986.26733
npz9.17	7	0	973.62376	840.26733	674.18812	808.65347
npz9.17	7	1	528.00990	820.33663	186.60396	732.02970
npz9.17	8	0	1178.61386	585.74257	809.10891	577.42574
npz9.17	8	1	693.86139	424.15842	514.45545	387.32673
npz9.17	9	0	450.94059	853.34323	336.45545	767.07591
npz9.17	9	1	826.29703	618.03520	709.05941	584.67107
npz9.17	10	0	1066.14851	561.87019	851.87129	544.41254
npz9.17	10	1	1492.56436	576.08361	1307.80198	613.59516
npz9.17	11	0	541.60396	720.45985	455.15842	655.66557
npz9.17	11	1	899.93069	756.15292	773.47525	732.36744
npz9.17	12	0	1165.04950	792.77228	996.93069	796.86139
npz9.17	12	1	1514.17822	978.26733	1341.49505	1053.86139
npz9.17	13	0	587.87129	347.57756	503.78218	300.34873
npz9.17	13	1	931.43564	519.50715	827.29703	493.08251
npz9.17	14	0	898.17822	568.41254	632.73267	533.61056
npz9.17	14	1	370.84158	230.12101	163.85149	171.92409
npz9.17	15	0	1139.68317	803.38174	884.44554	797.52255
npz9.17	15	1	1555.10891	820.30363	1333.52475	870.65897
npz9.17	16	0	961.05941	556.36634	719.56436	525.06381
npz9.17	16	1	1450.98020	708.32783	1161.80198	733.46975
npz9.17	17	0	941.44554	583.00330	1009.63366	576.64906
npz9.17	17	1	1243.10891	599.16832	1326.25743	628.39054
npz9.17	18	0	671.80198	451.97140	856.35644	431.23982
npz9.17	18	1	831.33663	518.64906	999.89109	505.00330
npz9.18	0	0	1200.46362	422.60870	668.84739	439.90847
npz9.18	1	0	1744.79035	340.09451	1629.41187	326.34286
npz9.18	1	1	1399.06494	333.78022	1293.01855	325.92747
npz9.18	2	0	1493.57885	273.12527	1374.96475	258.14945
npz9.18	2	1	1233.18367	325.53187	1097.52690	320.81758
npz9.18	3	0	1250.36920	758.82637	925.30056	763.91868
npz9.18	3	1	1572.65306	660.66374	1354.54174	669.83077
npz9.18	4	0	411.02783	664.52747	454.08349	664.66593
npz9.18	4	1	693.00371	661.23077	718.72913	663.59560
npz9.18	5	0	1376.40260	742.01538	1174.29314	751.48352
npz9.18	5	1	1599.08720	668.10330	1451.55102	673.93407
npz9.18	6	0	810.20779	630.49451	783.66419	631.44396
npz9.18	6	1	1006.66790	625.92088	978.31540	629.22418
npz9.18	7	0	1174.72542	725.43736	831.07421	731.10330
npz9.18	7	1	950.77180	389.80220	650.77737	393.75824
npz9.18	8	0	1303.98887	647.65495	956.32468	651.97802
npz9.18	8	1	1765.76809	730.39121	1420.78479	746.40659
npz9.18	9	0	1024.71243	737.54286	714.05195	741.53187
npz9.18	9	1	682.75696	759.05934	364.05009	758.45055
npz9.2	0	0	620.18092	707.00000	623.80173	686.51982
npz9.2	0	1	304.21685	675.74449	365.78191	669.24670
npz9.2	1	0	216.44857	262.44934	181.80421	301.42731
npz9.2	1	1	493.91202	328.45815	468.92441	339.49339
npz9.2	2	0	1046.24164	720.23348	812.29864	687.50220
npz9.2	2	1	593.79306	474.59471	415.31103	475.51982
npz9.2	3	0	1100.37175	592.33480	780.37175	568.54626
npz9.21	0	0	281.58416	261.38614	350.49505	312.47525
npz9.21	1	0	606.73267	448.40594	606.52475	474.62376
npz9.21	1	1	291.22772	471.47525	279.97030	515.27723
npz9.21	2	0	628.85149	364.69307	659.00990	384.87129
npz9.21	2	1	384.79208	320.52475	398.37624	360.94059
npz9.21	3	0	446.73267	774.65347	325.54455	788.91089
npz9.21	4	0	1279.00000	652.43564	959.92079	640.04950
npz9.21	4	1	940.25743	407.85149	622.36634	424.19802
npz9.21	5	0	1224.58416	660.15842	950.73267	645.89109
npz9.21	5	1	1124.69307	181.59406	721.52475	180.65347
npz9.21	6	0	919.87129	418.65347	380.47525	432.95050
npz9.21	6	1	1901.18812	401.89109	1225.48515	359.40594
npz9.21	7	0	1266.42574	606.95050	923.85149	590.89109
npz9.21	7	1	614.69307	670.44554	142.57426	697.67327
npz9.21	8	0	1685.94059	585.74257	1171.48515	550.09901
npz9.21	9	0	710.38614	467.17822	779.90099	467.54455
npz9.21	9	1	893.06931	456.91089	958.84158	448.34653
npz9.21	10	0	1140.55446	684.18812	850.68317	676.20792
npz9.21	10	1	1700.42574	370.65347	1391.67327	309.18812
npz9.21	11	0	1236.25743	721.03960	934.64356	711.97030
npz9.21	11	1	1745.77228	481.07921	1451.53465	419.95050
npz9.21	12	0	1288.88889	428.95417	751.74603	414.99412
npz9.22	0	0	1711.82156	633.96476	1501.26394	677.97357
npz9.22	1	0	1757.02602	450.79295	1570.26022	515.02203
npz9.22	2	0	929.92193	847.10573	854.12639	858.76652
npz9.22	3	0	771.37670	913.96916	788.39653	926.00000
npz9.22	3	1	698.45725	888.59031	711.00000	899.31718
npz9.22	4	0	1154.19703	824.83700	1168.06691	848.04846
npz9.22	4	1	808.21561	797.82819	845.22429	809.66960
npz9.22	5	0	693.59356	578.12775	974.99876	585.26872
npz9.22	5	1	254.38042	450.70925	437.01239	417.38326
npz9.22	6	0	689.00133	628.82840	1141.51798	636.49704
npz9.24	0	0	1584.81188	427.52475	1633.27723	424.07921
npz9.24	0	1	1842.17822	346.75248	1895.04950	328.16832
npz9.24	1	0	1280.22772	753.97030	1187.12871	765.07921
npz9.24	1	1	1756.32673	754.33663	1662.70297	775.30693
npz9.24	2	0	850.81188	643.82178	886.34653	650.15842
npz9.24	2	1	1119.90099	643.88119	1146.60396	649.33663
npz9.24	3	0	1243.28872	423.67347	553.11663	432.24490
npz9.25	0	0	1169.01734	327.94521	619.03661	323.01370
npz9.25	1	0	1226.63822	129.49451	1272.78479	86.88132
npz9.25	1	1	1485.37848	92.01758	1530.05566	15.99121
npz9.25	2	0	971.07607	867.31648	720.81818	826.71209
npz9.25	3	0	588.06679	583.50549	608.51391	578.60879
npz9.25	3	1	994.92393	607.17143	983.14471	581.97582
npz9.25	4	0	139.93321	636.30989	4.89796	655.70110
npz9.25	4	1	573.51206	577.43516	481.35436	578.08132
npz9.25	5	0	1198.07236	227.78901	1025.89981	195.34286
npz9.25	5	1	794.93506	457.75604	638.46568	458.40220
npz9.25	6	0	1069.01855	436.09231	1019.23191	406.03297
npz9.25	6	1	1481.04267	372.28571	1454.17440	308.79121
npz9.25	7	0	759.39518	505.98022	723.92764	493.57143
npz9.25	7	1	1091.10575	490.89011	1063.50093	460.20659
npz9.25	8	0	1205.61224	329.13626	882.27644	295.27473
npz9.25	8	1	1575.74212	353.25934	1283.73469	291.60659
npz9.25	9	0	1407.92950	625.86154	1267.25232	583.19560
npz9.25	9	1	1029.92579	616.88352	867.72542	598.56484
npz9.25	10	0	377.00557	442.12527	96.02968	469.13626
npz9.25	10	1	831.57514	526.06813	527.45640	520.54066
npz9.25	11	0	832.68275	611.92967	642.53432	599.10330
npz9.25	11	1	1239.00928	571.23956	1002.78479	535.80220
npz9.25	12	0	1421.01855	729.00879	1233.69759	690.64396
npz9.25	12	1	1053.49536	620.29890	867.42672	599.63077
npz9.26	0	0	703.11558	595.44643	1049.24623	608.70536
npz9.26	1	0	531.18711	920.18943	870.33581	928.52863
npz9.26	1	1	477.85378	949.13216	827.70880	958.66079
npz9.26	2	0	510.16729	514.36123	518.45725	496.22026
npz9.26	2	1	672.53656	439.93833	696.30235	428.05286
npz9.26	3	0	952.89343	444.65198	964.52540	455.38767
npz9.26	3	1	639.24164	479.81057	655.80297	467.45815
npz9.26	4	0	1016.84387	352.45374	1333.59975	381.23789
npz9.26	4	1	395.39033	184.83260	809.91450	161.17181
npz9.26	5	0	640.53532	550.07930	778.40520	545.26872
npz9.26	5	1	961.06939	554.73568	1112.09418	573.98238
npz9.26	6	0	33.30855	892.07048	701.85874	878.98678
npz9.26	7	0	919.42999	505.23789	1249.00000	526.97797
npz9.26	7	1	1573.72243	622.72247	1898.38910	671.81057
npz9.26	8	0	978.89715	676.54626	1213.32838	696.69604
npz9.26	8	1	1407.46592	535.37004	1561.35068	581.16740
npz9.26	9	0	69.59108	197.14537	438.22429	132.07048
npz9.26	9	1	742.82652	144.90749	1107.57745	151.87225
npz9.26	10	0	739.48823	602.47137	1039.61958	605.10573
npz9.26	10	1	295.75341	293.16740	567.87237	244.03965
npz9.26	11	0	609.33333	351.45374	844.88724	341.32159
npz9.26	11	1	184.69269	246.42731	416.29616	190.36564
npz9.26	12	0	756.49690	511.40969	1029.29988	517.18062
npz9.26	12	1	243.53779	438.10132	553.98513	402.02203
npz9.26	13	0	802.17100	437.52863	1075.34325	448.60352
npz9.26	13	1	259.96530	381.20705	563.38910	349.84581
npz9.26	14	0	719.77571	614.60793	967.18092	622.37004
npz9.26	14	1	289.34820	434.76211	534.75217	412.96916
npz9.26	15	0	761.33829	683.92070	1073.01115	695.81498
npz9.26	16	0	795.02478	955.44053	1385.95415	961.60793
npz9.26	16	1	135.50186	741.49780	587.45725	719.07048
npz9.26	17	0	573.55886	466.98238	696.86865	457.05727
npz9.26	17	1	111.65799	408.22467	217.34572	359.70485
npz9.27	0	0	1347.32357	504.85207	447.40346	501.01775
npz9.27	1	0	1083.27723	698.66337	841.19802	683.03960
npz9.27	1	1	1403.66337	894.30693	1235.27723	874.24752
npz9.27	2	0	547.73267	740.25743	382.24752	739.72277
npz9.27	2	1	144.55446	684.77228	7.32673	703.50495
npz9.27	3	0	1296.19802	259.31683	1148.20792	216.33663
npz9.27	3	1	907.38614	274.87129	791.80198	271.11881
npz9.27	4	0	739.26733	704.13861	736.44554	698.81188
npz9.27	4	1	415.09901	600.26733	451.32673	614.79208
npz9.27	5	0	1389.01980	508.75248	1390.55446	463.46535
npz9.27	5	1	1070.66337	487.82178	1052.43564	465.15842
npz9.27	6	0	571.76238	539.29703	655.42574	545.38614
npz9.27	6	1	266.75248	536.46535	396.83168	556.31683
npz9.27	7	0	528.16832	503.66337	344.57426	528.89109
npz9.27	7	1	1073.82178	579.33663	915.99010	563.72277
npz9.27	8	0	1230.43564	393.30693	1171.35644	358.36634
npz9.27	8	1	845.41584	466.81188	781.79208	468.53465
npz9.27	9	0	1271.35644	870.73267	979.35644	856.97030
npz9.27	9	1	774.63366	771.58416	395.84158	767.63366
npz9.27	10	0	612.51485	657.04950	604.66337	656.81188
npz9.27	10	1	298.77228	625.73267	349.12871	644.35644
npz9.27	11	0	1609.14851	416.54455	1073.14851	377.49505
npz9.27	11	1	768.88119	244.97030	352.76238	270.94059
npz9.27	12	0	760.49505	487.73267	771.11881	484.55446
npz9.27	12	1	469.63366	398.83168	516.15842	425.89109
npz9.27	13	0	1168.92079	445.29703	1008.65347	417.39604
npz9.27	13	1	789.52475	305.09901	604.52475	320.07921
npz9.27	14	0	911.32673	478.45545	914.38614	466.27723
npz9.27	14	1	1130.05941	524.93069	1153.08911	503.23762
npz9.27	15	0	1564.75248	387.32673	1728.71287	306.53465
npz9.27	16	0	902.97030	456.23762	1011.08911	439.60396
npz9.27	17	0	1407.79208	559.46535	1344.17822	514.01980
npz9.27	17	1	1614.61386	542.97030	1587.81188	481.11881
npz9.27	18	0	1839.20792	589.30693	1889.10891	544.15842
npz9.27	19	0	1021.59406	385.51485	960.00990	367.59406
npz9.27	19	1	1211.51485	392.67327	1132.80198	361.65347
npz9.27	20	0	1110.41584	540.02970	1097.17822	513.09901
npz9.27	20	1	929.60396	495.15842	917.52475	482.16832
npz9.27	21	0	1351.15842	492.34653	1206.75248	452.99010
npz9.27	21	1	1648.66337	467.77228	1484.70297	404.71287
npz9.27	22	0	1905.94059	848.38614	1472.02970	800.05941
npz9.27	22	1	1462.32673	764.78218	1006.23762	739.99010
npz9.27	23	0	1533.13861	728.51485	1445.68317	689.17822
npz9.27	23	1	1362.80198	558.93069	1272.79208	518.36634
npz9.27	24	0	1353.12871	707.34653	1242.14851	675.88119
npz9.27	24	1	1143.00000	597.21782	1029.63366	573.88119
npz9.27	25	0	1179.43564	633.10891	1021.19802	610.25743
npz9.27	25	1	1471.49505	645.72277	1332.57426	604.32673
npz9.27	26	0	1784.55446	496.42574	1638.34653	424.32673
npz9.27	26	1	1481.52475	440.74257	1346.17822	387.72277
npz9.28	0	0	1144.73186	404.39462	799.49527	382.60090
npz9.28	1	0	1666.25417	804.66374	1542.08349	806.11648
npz9.28	2	0	1762.97588	705.25495	1579.69388	690.40879
npz9.28	2	1	1864.79406	723.03956	1667.11503	712.97582
npz9.28	3	0	1134.65121	726.47033	988.56586	709.04615
npz9.28	3	1	1588.83117	519.94066	1294.69017	490.29670
npz9.28	4	0	1753.16883	572.73626	1840.44527	541.18681
npz9.28	5	0	793.43599	563.54945	729.77737	550.12527
npz9.28	5	1	1095.49722	556.69011	1024.95733	548.18462
npz9.28	6	0	1047.39147	547.55165	886.91651	532.04835
npz9.28	6	1	751.00742	249.32967	573.52134	256.05714
npz9.29	0	0	1379.69231	872.11845	1035.07692	909.02050
npz9.29	1	0	1291.09665	347.34141	1282.76580	359.91410
npz9.29	1	1	1098.34572	427.59471	1081.00000	428.45815
npz9.29	2	0	341.23048	468.00441	393.53903	418.61894
npz9.29	2	1	142.75093	452.32379	192.79554	389.47797
npz9.29	3	0	248.62454	560.22026	368.77323	497.18062
npz9.29	4	0	1072.94118	577.84205	735.31915	559.82202
npz9.29	4	1	651.21402	708.78754	287.15895	643.91546
npz9.29	5	0	1062.12766	838.53170	734.11765	828.92102
npz9.29	5	1	569.51189	907.00779	271.53942	838.53170
npz9.29	6	0	1057.32165	667.94216	797.79725	671.54616
npz9.29	6	1	1530.71339	575.43938	1237.54693	603.07008
npz9.29	7	0	928.76095	481.73526	564.70588	457.70857
npz9.29	7	1	1291.61452	418.06452	1014.06758	424.07119
npz9.29	8	0	1850.31289	336.37375	1518.69837	386.82981
npz9.29	9	0	1096.97121	631.90211	818.22278	625.89544
npz9.29	9	1	1531.91489	533.39266	1175.06884	539.39933
npz9.29	10	0	740.12516	651.12347	503.42929	627.09677
npz9.29	10	1	293.16646	551.41268	46.85857	480.53393
npz9.29	11	0	1869.53692	396.44049	1886.35795	410.85651
npz9.29	12	0	295.56946	545.40601	126.15770	488.94327
npz9.29	13	0	1470.63830	730.41157	1083.75469	748.43159
npz9.29	14	0	1428.58573	657.13014	1187.08385	687.16352
npz9.29	15	0	1054.91865	652.32481	825.43179	643.91546
npz9.29	16	0	812.21527	922.62514	549.08636	898.59844
npz9.29	17	0	567.10889	840.93437	313.59199	746.02892
npz9.29	18	0	841.05131	667.94216	611.56446	630.70078
npz9.29	19	0	988.83605	606.67408	561.10138	577.84205
npz9.29	19	1	458.97372	404.84983	55.26909	347.18576
npz9.29	20	0	541.87735	438.48721	431.33917	397.64182
npz9.29	20	1	151.38924	348.38710	33.64205	276.30701
npz9.29	21	0	1534.31790	522.58065	1338.47309	567.03003
npz9.29	21	1	1121.00125	389.23248	945.58198	376.01780
npz9.29	22	0	902.32791	588.65406	501.02628	539.39933
npz9.29	22	1	1380.52566	490.14461	994.84355	509.36596
npz9.29	23	0	1474.24280	126.14016	1159.44931	132.14683
npz9.29	23	1	947.98498	75.68409	534.66834	45.65072
npz9.29	24	0	707.68461	37.24138	312.39049	6.00667
npz9.29	24	1	1296.42053	55.26140	935.96996	39.64405
npz9.29	25	0	642.80350	253.48165	450.56320	213.83760
npz9.29	25	1	253.51690	197.01891	18.02253	130.94549
npz9.29	26	0	1171.46433	446.89655	1010.46308	451.70189
npz9.29	26	1	1546.33292	444.49388	1385.33166	480.53393
npz9.29	27	0	711.64684	430.99780	523.35316	395.86344
npz9.29	27	1	278.10781	201.24229	192.71375	159.59251
npz9.3	0	0	1292.31722	601.04405	969.95539	544.82379
npz9.3	0	1	713.38910	496.23348	290.19083	520.03524
npz9.3	1	0	1152.81784	711.63436	867.80173	653.00881
npz9.3	1	1	1746.71375	659.47577	1350.80917	536.72687
npz9.3	2	0	1252.86076	470.14623	582.07595	453.13836
npz9.30	0	0	1446.95652	504.32251	533.53497	465.62150
npz9.30	1	0	548.77447	513.39648	667.82032	499.07489
npz9.30	1	1	881.62825	523.96476	973.35316	504.55066
npz9.30	2	0	806.58612	506.79736	887.90458	492.99119
npz9.30	2	1	1100.25031	490.91630	1190.27633	470.74890
npz9.30	3	0	542.67038	512.55066	589.65304	501.61674
npz9.30	3	1	228.85254	468.24229	303.20694	467.59031
npz9.30	4	0	888.16233	659.70925	748.82528	640.53304
npz9.30	4	1	358.57869	522.46256	261.20694	512.97357
npz9.30	5	0	1235.47336	478.97357	1064.89715	458.73568
npz9.30	5	1	907.40520	400.97797	615.63073	389.33480
npz9.30	6	0	1300.17968	676.90308	1111.25898	665.20705
npz9.30	6	1	1869.04585	610.40529	1714.46468	579.13656
npz9.30	7	0	559.68154	793.88546	354.10409	762.80176
npz9.30	7	1	1226.81041	832.92070	954.14622	811.78414
npz9.5	0	0	1769.36170	889.78723	250.21277	856.59574
npz9.5	1	0	338.93309	94.26211	343.79182	139.16300
npz9.5	2	0	943.99009	691.88106	633.84387	666.58150
npz9.5	2	1	311.99876	565.41410	62.45353	564.82819
npz9.5	3	0	1644.85130	717.90308	1005.16357	649.62996
npz9.5	3	1	882.67658	545.94714	127.28625	510.26432
npz9.5	4	0	1303.84015	127.86344	756.49071	76.42070
npz9.5	4	1	693.16357	688.62115	172.78810	638.89207
npz9.5	5	0	1376.00372	495.59692	666.92565	429.59031
npz9.5	5	1	714.09665	541.32379	132.34201	520.72907
npz9.5	6	0	668.14126	73.74449	541.34944	84.74670
npz9.5	6	1	405.80669	222.81057	317.24535	248.86344
npz9.7	0	0	824.77157	516.25705	614.01015	515.03946
npz9.7	1	0	1517.91216	687.82805	1541.13304	565.65611
npz9.7	1	1	1640.12731	701.26697	1674.34755	555.88235
npz9.7	2	0	1625.46149	660.95023	1680.45831	511.90045
npz9.7	2	1	1509.35710	638.95928	1550.91025	509.45701
npz9.7	3	0	1167.15468	587.64706	1205.04137	507.01357
npz9.7	3	1	922.72438	521.67421	950.83386	469.14027
npz9.7	4	0	1183.04265	833.21267	888.50414	768.46154
npz9.7	4	1	1467.80395	553.43891	1153.71101	452.03620
npz9.7	5	0	1042.49523	640.18100	697.84850	598.64253
npz9.7	5	1	1425.02864	491.13122	1071.82686	399.50226
npz9.7	6	0	1668.23679	659.72851	1197.70847	565.65611
npz9.7	6	1	1159.82177	538.77828	663.62826	498.46154
npz9.7	7	0	1004.60853	498.46154	931.27944	430.04525
npz9.7	7	1	1209.92998	450.81448	1128.04583	361.62896
npz9.7	8	0	965.49968	616.96833	470.52833	599.86425
npz9.7	8	1	1577.79758	634.07240	989.94271	557.10407
npz9.7	9	0	1225.81795	531.44796	1037.60662	441.04072
npz9.7	9	1	945.94526	403.16742	728.40229	359.18552
npz9.7	10	0	1000.94208	772.12670	725.95799	714.70588
npz9.7	10	1	1387.14195	587.64706	1104.82495	493.57466
npz9.7	11	0	1271.03756	786.78733	956.94462	719.59276
npz9.7	11	1	1792.89624	978.59729	1423.80649	862.53394
npz9.7	12	0	1206.26353	472.80543	992.38701	387.28507
npz9.7	12	1	1590.01910	452.03620	1344.36665	316.42534
npz9.7	13	0	958.16677	764.79638	492.52705	739.14027
npz9.7	13	1	1706.12349	691.49321	1156.15532	594.97738
npz9.8	0	0	398.06691	66.21145	559.14374	95.51982
npz9.8	0	1	66.41884	42.42291	310.27757	109.32159
npz9.8	1	0	1019.48823	191.36564	1143.46468	169.05727
npz9.8	1	1	874.89715	208.40088	1005.25774	192.93392
npz9.8	2	0	957.95539	389.32599	1110.47460	368.51982
npz9.8	2	1	1083.31846	379.49339	1241.01611	354.97797
npz9.8	3	0	1420.37051	679.75330	1419.38538	666.03084
npz9.8	3	1	1240.36307	555.03084	1281.55266	543.49780
npz9.8	4	0	754.10533	557.30837	858.14250	543.89868
npz9.8	4	1	948.40520	551.07048	1041.53779	538.34802
npz9.8	5	0	1463.40149	73.84141	1329.51797	16.25551
npz9.8	5	1	1780.54151	247.94273	1615.92069	186.69163
npz9.8	6	0	1215.65304	588.11013	1322.59232	571.38767
npz9.8	6	1	1061.20694	559.51982	1161.41388	542.79295
npz9.8	7	0	1199.56629	588.93833	1292.72986	572.70485
npz9.8	7	1	1034.46468	520.49780	1134.93061	503.02643
npz9.8	8	0	1080.71128	598.20705	1193.99133	582.51101
npz9.8	8	1	934.06939	586.60352	1026.58736	570.81938
npz9.8	9	0	961.93309	304.00000	1155.01735	284.71806
npz9.8	9	1	1081.68525	295.07930	1268.62330	268.85903
npz9.8	10	0	380.42627	595.28634	527.38042	582.96476
npz9.8	10	1	546.28996	603.31278	667.15737	589.50661
npz9.8	11	0	436.88724	384.96476	493.16233	386.93833
npz9.8	11	1	661.39777	372.88106	698.79182	369.14978
npz9.8	12	0	218.06815	591.15419	71.17720	578.51542
npz9.8	12	1	557.03098	472.62996	433.58736	468.15419
npz9.8	13	0	934.36927	563.80617	829.29120	548.22467
npz9.8	13	1	669.06072	453.54185	587.00000	455.48899
npz9.8	14	0	1108.17100	496.20705	667.13011	477.14097
npz9.8	14	1	1559.24040	457.58150	1180.24040	427.87225
npz9.8	15	0	1108.03346	667.16300	979.47460	649.34802
npz9.8	15	1	1699.28253	585.25110	1602.35316	559.59031
npz9.8	16	0	1092.79430	372.13216	1123.18835	351.20705
npz9.8	16	1	1409.31846	260.07489	1430.45601	217.81498
npz9.8	17	0	1055.00000	645.25991	951.40520	629.87225
npz9.8	17	1	1622.10037	486.12775	1509.25527	461.84581
npz9.8	18	0	482.85626	468.53304	682.44857	464.88106
npz9.8	18	1	720.99876	452.14097	913.20570	441.97797
npz9.8	19	0	374.99133	391.80176	573.08798	395.78414
npz9.8	19	1	629.13135	415.22026	813.60223	409.00881
npz9.8	20	0	559.26766	501.18062	761.33829	496.85463
npz9.8	20	1	778.41264	504.31278	972.74969	491.00881
npz9.8	21	0	489.42131	413.25110	706.86369	409.70925
npz9.8	21	1	679.72615	422.02203	899.28377	414.58150
npz9.8	22	0	799.35440	273.94714	1039.12144	263.34802
npz9.8	22	1	1047.71252	256.72687	1278.09294	234.70925
npz9.8	23	0	501.05941	246.39604	758.47525	255.10891
npz9.8	24	0	623.02230	460.82379	818.65551	451.02203
npz9.8	24	1	428.91450	492.36123	646.79430	486.38326
npz9.8	25	0	1137.46372	377.75785	862.48580	352.33184
npz9.9	0	0	1627.93651	569.82374	626.03175	560.94007
npz9.9	1	0	1224.37175	817.90308	979.51797	805.73128
npz9.9	1	1	1756.32714	756.18943	1494.59480	722.09251
npz9.9	2	0	1259.60223	147.11894	1241.34449	111.61674
npz9.9	2	1	984.42255	216.20705	964.04337	210.30396
npz9.9	3	0	1101.44486	210.63877	1027.99504	194.39648
npz9.9	3	1	265.23172	179.49339	224.20818	236.14097
npz9.9	4	0	603.12268	248.59031	741.11524	268.81057
npz9.9	5	0	527.14498	385.20705	674.89591	405.29515
npz9.9	5	1	289.61462	426.58590	465.31970	460.93833
